0.650000 0.001754275 0.001619092 0.015124682 -0.027089261 0.056230661 0.010583357 0.997994125
0.700000 0.002219622 0.002001981 0.017688537 -0.031101955 0.056524031 0.010973016 0.997856379
0.750000 0.005302971 0.004853319 0.040931761 -0.031743743 0.056847218 0.010886113 0.997818768
0.800000 0.006301711 0.005524583 0.046779990 -0.030918347 0.054269917 0.010950066 0.997987449
0.850000 0.003871841 0.002661243 0.026177514 -0.029601637 0.046889625 0.012197222 0.998386860
0.900000 0.008349408 0.005015006 0.058287442 -0.028064549 0.039626464 0.013013382 0.998735607
0.950000 0.005679664 0.001398245 0.038817760 -0.026685786 0.033144385 0.012917352 0.999010742
1.000000 0.005450186 0.001043898 0.036104817 -0.022455271 0.026565626 0.012788821 0.999312997
1.050000 0.006204150 -0.000470138 0.043219421 -0.013153095 0.019798832 0.012048919 0.999644876
1.100000 0.006424088 -0.001019167 0.043348331 -0.003876348 0.016025459 0.011623133 0.999796510
1.150000 0.008220340 -0.003857492 0.054026961 0.004524469 0.015540577 0.011254799 0.999805629
1.200000 0.007499088 -0.002643737 0.050737675 0.010494501 0.015175330 0.009948546 0.999780297
1.250000 0.011066589 -0.007481719 0.074941419 0.013514036 0.014280245 0.008700656 0.999768913
1.300000 0.007977926 -0.003527432 0.057733696 0.015124538 0.014184740 0.007740372 0.999755025
1.350000 0.010058320 -0.006760458 0.077706963 0.015416207 0.016301084 0.007680050 0.999718785
1.400000 0.008486724 -0.003638975 0.065263338 0.013462842 0.020667152 0.009089848 0.999654472
1.450000 0.010983422 -0.006918225 0.088616841 0.008751849 0.026852360 0.012140827 0.999527395
1.500000 0.011377441 -0.007225844 0.094868138 0.002223317 0.033828013 0.013007003 0.999340594
1.550000 0.009604872 -0.004321641 0.075887814 -0.002422123 0.040992774 0.014554832 0.999050498
1.600000 0.010103275 -0.004375353 0.082499631 -0.005164605 0.046906807 0.016414421 0.998751044
1.650000 0.010666219 -0.004576794 0.083444536 -0.010482555 0.050463274 0.017108144 0.998524368
1.700000 0.011088995 -0.004668600 0.087263487 -0.015856072 0.053901341 0.016489493 0.998284221
1.750000 0.011940953 -0.004317254 0.093366690 -0.018238833 0.055894740 0.016532982 0.998133242
1.800000 0.012229937 -0.004290878 0.095954500 -0.017573694 0.056518875 0.016356345 0.998112857
1.850000 0.012916662 -0.004561412 0.101374373 -0.012849886 0.056021333 0.016082173 0.998217404
1.900000 0.013459372 -0.004809213 0.108252317 -0.006479833 0.054335378 0.015982840 0.998373806
1.950000 0.014526148 -0.005280349 0.114186086 -0.001833090 0.049689475 0.017253213 0.998614013
2.000000 0.015623764 -0.006116611 0.121130884 0.000780916 0.043329589 0.015987404 0.998932660
2.050000 0.015051162 -0.006482523 0.118749507 0.003211654 0.038190693 0.013165554 0.999178588
2.100000 0.015558686 -0.007341566 0.123366542 0.005408431 0.032763969 0.010842117 0.999389708
2.150000 0.016300017 -0.007884647 0.128472462 0.004942962 0.027826015 0.008559783 0.999563932
2.200000 0.016653191 -0.008591607 0.133338854 0.003528286 0.025530105 0.006650573 0.999645710
2.250000 0.017532256 -0.008849903 0.140386999 0.005339246 0.022591034 0.006095536 0.999712050
2.300000 0.018256897 -0.009117433 0.146802783 0.010964380 0.019755350 0.004346290 0.999735296
2.350000 0.018734369 -0.009251256 0.150951788 0.019324524 0.021019395 0.001860640 0.999590635
2.400000 0.020058516 -0.009594631 0.158222795 0.026321551 0.026794516 0.001979445 0.999292493
2.450000 0.021151042 -0.010371091 0.165557042 0.029724566 0.033562642 0.002638091 0.998991013
2.500000 0.022147290 -0.011531707 0.171218812 0.032128319 0.039707668 0.003397878 0.998688877
2.550000 0.023460537 -0.012468332 0.177929878 0.032631788 0.045355216 0.004366091 0.998428285
2.600000 0.022239795 -0.012669227 0.174924091 0.028869061 0.048097104 0.002065063 0.998423278
2.650000 0.023020757 -0.013320461 0.182640433 0.025321798 0.046825435 0.000550269 0.998582006
2.700000 0.023607951 -0.013231972 0.185753703 0.024842327 0.045275744 0.000316860 0.998665571
2.750000 0.024673427 -0.012939969 0.192873895 0.026873471 0.045586571 -0.001250813 0.998598099
2.800000 0.025262780 -0.012712752 0.200085834 0.028293373 0.044495948 -0.001215958 0.998608112
2.850000 0.025522692 -0.012761175 0.204451427 0.026964687 0.040652711 0.001811153 0.998807788
2.900000 0.025817879 -0.013117466 0.208070099 0.022830654 0.034085948 0.006644755 0.999136031
2.950000 0.025934657 -0.013484485 0.215457574 0.017407585 0.027893947 0.008933238 0.999419451
3.000000 0.026535789 -0.013880304 0.219171301 0.011612679 0.021856945 0.010601291 0.999637485
3.050000 0.026504276 -0.014455751 0.226287216 0.004735284 0.017327856 0.009313240 0.999795318
3.100000 0.027249457 -0.014842065 0.233458161 -0.001394499 0.014710700 0.006576803 0.999869227
3.150000 0.027734913 -0.014868123 0.235757187 -0.002237418 0.012198054 0.003749139 0.999916077
3.200000 0.028222473 -0.014857611 0.243302584 0.004517103 0.010446055 0.001429055 0.999934256
3.250000 0.028544195 -0.015074579 0.247457266 0.014682659 0.011180880 -0.001215901 0.999828994
3.300000 0.029082283 -0.015316856 0.254637331 0.021282386 0.015401450 -0.002490680 0.999651790
3.350000 0.029501470 -0.015884146 0.258409649 0.022778448 0.022747017 -0.002719050 0.999478042
3.400000 0.030369842 -0.017100569 0.265570402 0.022305638 0.031795382 -0.000925662 0.999245048
3.450000 0.030633518 -0.017470716 0.269576848 0.021699555 0.040484484 -0.000927946 0.998944104
3.500000 0.031591870 -0.018594209 0.276643842 0.021828860 0.046531729 -0.000639989 0.998678148
3.550000 0.032184470 -0.018520029 0.280590117 0.025995938 0.050209500 0.000912433 0.998399913
3.600000 0.032843672 -0.019429360 0.287434965 0.032361794 0.052243110 0.002732692 0.998106182
3.650000 0.033668227 -0.019256782 0.294610262 0.039669573 0.052121434 0.003834973 0.997845232
3.700000 0.034446385 -0.019308859 0.302098691 0.045592472 0.049623642 0.006813394 0.997703612
3.750000 0.035057597 -0.019572830 0.306883782 0.050365582 0.045077663 0.012712055 0.997632086
3.800000 0.036195721 -0.019992018 0.314451098 0.054391436 0.036947787 0.016002778 0.997707546
3.850000 0.035522081 -0.020122090 0.313870430 0.056056932 0.030714098 0.015537098 0.997834086
3.900000 0.035629079 -0.020951847 0.320037603 0.053174794 0.027563531 0.014294363 0.998102427
3.950000 0.036378436 -0.021309899 0.325284898 0.046656113 0.026589103 0.012941951 0.998473227
4.000000 0.036662199 -0.021298174 0.331885368 0.040601108 0.027295975 0.012858613 0.998719811
4.050000 0.036858667 -0.021724915 0.337697446 0.038969338 0.028606646 0.011948554 0.998759449
4.100000 0.037563082 -0.021689132 0.341328263 0.041035049 0.031693093 0.010552919 0.998599172
4.150000 0.038714152 -0.021630812 0.347850084 0.043467749 0.037459552 0.006220137 0.998332977
4.200000 0.039546113 -0.022059066 0.353372782 0.045859016 0.041491557 0.002431463 0.998082936
4.250000 0.040807031 -0.022794556 0.359597057 0.049024172 0.046698019 0.001430111 0.997704387
4.300000 0.040878281 -0.023210511 0.362758338 0.049841281 0.053329483 0.001794259 0.997330725
4.350000 0.042240992 -0.023977103 0.368518651 0.046738215 0.056418106 0.002063352 0.997310579
4.400000 0.042799272 -0.024401257 0.373366714 0.042778801 0.057321150 0.001025538 0.997438371
4.450000 0.043841850 -0.024812421 0.379399180 0.040447447 0.058591500 0.000857512 0.997461975
4.500000 0.044295419 -0.024632633 0.384361833 0.041141432 0.059892017 -0.000906379 0.997356296
4.550000 0.045670025 -0.024507716 0.390262485 0.044622511 0.058807347 -0.002372134 0.997268736
4.600000 0.045863930 -0.024644358 0.395065725 0.045983013 0.055737063 -0.001415426 0.997385085
4.650000 0.046536721 -0.024773423 0.401146680 0.044104524 0.049448650 0.002213920 0.997799993
4.700000 0.047035817 -0.025277264 0.405601442 0.039732277 0.042700414 0.001599692 0.998296320
4.750000 0.047859721 -0.025979204 0.412064552 0.035240080 0.036307886 -0.000788825 0.998718858
4.800000 0.048010491 -0.026573706 0.416291267 0.029454896 0.031046445 -0.001239527 0.999083102
4.850000 0.048024379 -0.027240723 0.422429889 0.023540953 0.028359666 -0.001934703 0.999318719
4.900000 0.048600510 -0.027307982 0.427046239 0.022674743 0.026631741 -0.002482393 0.999385059
4.950000 0.049057558 -0.027261769 0.433015764 0.028069386 0.024210492 -0.004361368 0.999303222
5.000000 0.049558569 -0.027264273 0.440061390 0.034110650 0.023052650 -0.007411663 0.999124646
5.050000 0.049900848 -0.027583508 0.445781082 0.035849296 0.026518697 -0.011090275 0.998943806
5.100000 0.050096117 -0.027880304 0.448867887 0.036048848 0.031184491 -0.013614737 0.998770595
5.150000 0.050590601 -0.028637026 0.454340518 0.036918025 0.037869878 -0.013626542 0.998507559
5.200000 0.051110242 -0.029251834 0.459854543 0.035450734 0.044526063 -0.010527961 0.998323560
5.250000 0.051407810 -0.030147413 0.465310931 0.030386964 0.048796486 -0.008973015 0.998306155
5.300000 0.052147698 -0.030297372 0.469781637 0.027332306 0.051241744 -0.007269012 0.998285770
5.350000 0.052937906 -0.030551022 0.475506365 0.027601028 0.054622557 -0.004206938 0.998116672
5.400000 0.053243209 -0.030520668 0.480710447 0.029973531 0.058981527 -0.001660210 0.997807622
5.450000 0.053382006 -0.030774174 0.486176640 0.033222970 0.061242323 0.001166912 0.997569263
5.500000 0.053989042 -0.030426649 0.491409898 0.037652221 0.062004395 0.003007578 0.997360885
5.550000 0.054820850 -0.030195953 0.498040110 0.041752249 0.061789766 0.007052606 0.997190595
5.600000 0.055039980 -0.030589953 0.502261877 0.042752165 0.059295572 0.009622077 0.997278154
5.650000 0.055189498 -0.031286094 0.507897139 0.040404383 0.056896396 0.008476401 0.997526228
5.700000 0.055899248 -0.031842828 0.512793899 0.034983944 0.055415083 0.006448783 0.997829497
5.750000 0.056401815 -0.032297168 0.518607736 0.028696071 0.056322720 0.003853424 0.997992694
5.800000 0.056810115 -0.032586884 0.523720145 0.025522325 0.056432117 0.002537052 0.998076975
5.850000 0.057022192 -0.032749329 0.529602289 0.028091900 0.055997107 0.002211160 0.998033285
5.900000 0.057495028 -0.032941382 0.535007894 0.034008455 0.057029769 0.001739799 0.997791588
5.950000 0.057838615 -0.033051357 0.540796936 0.038556837 0.059172627 0.000172630 0.997502863
6.000000 0.058606647 -0.033300783 0.546440125 0.037600029 0.060416564 -0.000340394 0.997464836
6.050000 0.058597956 -0.034074649 0.550871789 0.032842390 0.062802441 0.000824713 0.997485101
6.100000 0.059113603 -0.035140004 0.556957722 0.026692903 0.066364571 0.003994788 0.997430325
6.150000 0.059313241 -0.035522729 0.561920345 0.021240177 0.068324909 0.005355837 0.997422695
6.200000 0.059865292 -0.035702124 0.567387104 0.019369721 0.067236438 0.004046577 0.997540891
6.250000 0.060318440 -0.035576995 0.573534787 0.021510290 0.066103071 0.002954715 0.997576594
6.300000 0.060924742 -0.035744399 0.578649580 0.024918068 0.064891621 0.001524083 0.997579992
6.350000 0.061488677 -0.035168882 0.583756447 0.029124424 0.062312171 -0.000659196 0.997631490
6.400000 0.061936278 -0.035226908 0.589118421 0.030981790 0.056853656 -0.000051979 0.997901678
6.450000 0.062487230 -0.035365682 0.594048321 0.029779170 0.048703324 0.003258023 0.998363972
6.500000 0.062918730 -0.035911981 0.599618673 0.026471585 0.041821375 0.002981742 0.998769939
6.550000 0.063920870 -0.036540415 0.604434371 0.023821350 0.039319012 0.002512377 0.998939633
6.600000 0.064231560 -0.037263006 0.610352337 0.022599353 0.041026261 0.000631396 0.998902261
6.650000 0.064695999 -0.037897825 0.615342915 0.023205359 0.042701013 -0.003625304 0.998811781
6.700000 0.065184027 -0.037987731 0.621001184 0.027463792 0.043772269 -0.007530169 0.998635590
6.750000 0.065324880 -0.038364284 0.626604438 0.034037407 0.044506546 -0.010969282 0.998368800
6.800000 0.066325851 -0.038749900 0.630847216 0.041709621 0.045563299 -0.013560825 0.997998238
6.850000 0.066392198 -0.038569808 0.637295544 0.048840515 0.048871364 -0.017178057 0.997462332
6.900000 0.067297921 -0.038988885 0.643158376 0.052179545 0.051896755 -0.020863492 0.997070134
6.950000 0.068281218 -0.039568212 0.647993684 0.052370865 0.055492263 -0.021879941 0.996844590
7.000000 0.069189854 -0.039811745 0.653940082 0.051540244 0.058191720 -0.020421339 0.996764898
7.050000 0.069472209 -0.040565472 0.658802330 0.049800526 0.058457993 -0.016656278 0.996907830
7.100000 0.069992721 -0.040921949 0.663606524 0.048443317 0.057495013 -0.013067523 0.997084141
7.150000 0.070499510 -0.041036386 0.669241905 0.048465371 0.057020798 -0.009649237 0.997149289
7.200000 0.070971712 -0.040633410 0.676180840 0.050554276 0.056603979 -0.008114009 0.997083008
7.250000 0.071692452 -0.040643867 0.680426598 0.051352844 0.053271398 -0.006607052 0.997236907
7.300000 0.072999179 -0.040582385 0.684878111 0.050299749 0.047627285 -0.003232833 0.997592688
7.350000 0.073573887 -0.040732309 0.691373289 0.047651350 0.039648775 -0.000534501 0.998076737
7.400000 0.073874213 -0.041514177 0.697324038 0.042005140 0.033386350 -0.000078773 0.998559475
7.450000 0.074180409 -0.041956954 0.701746166 0.037024539 0.028965387 0.000318148 0.998894453
7.500000 0.074976273 -0.042318795 0.707049251 0.032256942 0.028007453 0.001326359 0.999086261
7.550000 0.075387932 -0.042761508 0.712945044 0.028779581 0.028805180 0.001747756 0.999169171
7.600000 0.076166287 -0.042853381 0.717707932 0.029800147 0.028655399 0.000086591 0.999145091
7.650000 0.076661669 -0.043103963 0.722888649 0.032455742 0.029680658 -0.002287011 0.999029756
7.700000 0.077573843 -0.042720001 0.728857815 0.033341113 0.032877453 -0.005753083 0.998886585
7.750000 0.078023948 -0.043056082 0.733733058 0.031265281 0.035274792 -0.006572030 0.998866856
7.800000 0.078798868 -0.043944992 0.738704264 0.027807266 0.038206365 -0.005101280 0.998869896
7.850000 0.079313077 -0.044442199 0.743717492 0.023942841 0.043924313 -0.002062921 0.998745799
7.900000 0.080074027 -0.044806920 0.749069452 0.019389339 0.048093494 0.000232188 0.998654664
7.950000 0.080850251 -0.045101441 0.754133523 0.014949040 0.050658617 0.001340647 0.998603284
8.000000 0.081874706 -0.045107037 0.759414911 0.012491560 0.052973963 0.002470220 0.998514712
8.050000 0.082227565 -0.045186892 0.764766872 0.012470544 0.055211984 0.002119281 0.998394549
8.100000 0.082716979 -0.045239199 0.770247102 0.014642240 0.055036262 0.002310224 0.998374403
8.150000 0.083645664 -0.045165248 0.775660217 0.016103147 0.051417284 0.005101571 0.998534381
8.200000 0.083840951 -0.045645561 0.781115472 0.014976498 0.046676971 0.009197771 0.998755455
8.250000 0.084368937 -0.046198539 0.786587417 0.013142637 0.040869705 0.009823048 0.999029815
8.300000 0.084823199 -0.046788868 0.791916788 0.009694873 0.035927843 0.007823311 0.999276817
8.350000 0.085228793 -0.047316048 0.797163427 0.003336408 0.031044649 0.006491521 0.999491394
8.400000 0.085715815 -0.047525793 0.802771628 -0.002826831 0.027869578 0.005336495 0.999593318
8.450000 0.086092666 -0.047672078 0.807923913 -0.004259116 0.026347851 0.003405093 0.999638021
8.500000 0.086397059 -0.047756158 0.813316584 -0.000942313 0.025417540 -0.000215233 0.999676466
8.550000 0.086587161 -0.047570486 0.818740845 0.004281229 0.026266040 -0.004754192 0.999634504
8.600000 0.087310538 -0.047557857 0.824119568 0.007552635 0.029600887 -0.009652430 0.999486744
8.650000 0.087922700 -0.048008449 0.829648972 0.007263275 0.034032937 -0.012310981 0.999318480
8.700000 0.088288195 -0.048550438 0.834833622 0.001520955 0.039892219 -0.011053385 0.999141693
8.750000 0.089212798 -0.049385987 0.840206563 -0.007384128 0.043806292 -0.007781591 0.998982489
8.800000 0.089606501 -0.049698751 0.846033454 -0.013332563 0.045795277 -0.004415003 0.998852134
8.850000 0.090162188 -0.050268643 0.851258814 -0.014437458 0.048182715 -0.002126009 0.998731971
8.900000 0.090935580 -0.050372787 0.856921852 -0.009998217 0.050421488 -0.002147587 0.998675764
8.950000 0.091725595 -0.050240085 0.862289488 -0.002814837 0.050314456 -0.004889559 0.998717487
9.000000 0.091891289 -0.050548553 0.867682874 0.004118900 0.045772564 -0.006821124 0.998920143
9.050000 0.092286371 -0.050701249 0.873196065 0.011385824 0.039780095 -0.006270844 0.999123931
9.100000 0.093072243 -0.051270720 0.879229605 0.016493931 0.031598531 -0.006073396 0.999346137
9.150000 0.093123458 -0.052091032 0.884905279 0.017608656 0.024272792 -0.008356418 0.999515355
9.200000 0.093869418 -0.053002223 0.890581787 0.017111178 0.017333424 -0.008823461 0.999664426
9.250000 0.094280854 -0.053428315 0.895602643 0.015339437 0.013109468 -0.008789247 0.999757767
9.300000 0.094923772 -0.053903252 0.901020408 0.013541032 0.011197120 -0.008492572 0.999809563
9.350000 0.095075198 -0.053871289 0.906780124 0.014939813 0.010224583 -0.008657518 0.999798656
9.400000 0.095673002 -0.054171622 0.912329733 0.019044649 0.008750913 -0.009015968 0.999739707
9.450000 0.096150793 -0.054344557 0.918191075 0.022575799 0.009305817 -0.010402659 0.999647737
9.500000 0.096690394 -0.054711983 0.923337281 0.023659876 0.013253733 -0.015633065 0.999509990
9.550000 0.097540550 -0.055204138 0.929062068 0.021470664 0.021742838 -0.019177619 0.999349058
9.600000 0.098256655 -0.055732220 0.934666157 0.016350919 0.029792322 -0.019224877 0.999237478
9.650000 0.098764293 -0.055968627 0.940001607 0.009388190 0.035498556 -0.017406898 0.999174058
9.700000 0.099518538 -0.056264985 0.945888579 0.002351106 0.038962208 -0.014240979 0.999136448
9.750000 0.100131109 -0.056472447 0.951531410 -0.000371659 0.042939961 -0.009610188 0.999031425
9.800000 0.101143189 -0.056200132 0.957267821 0.002846884 0.047073342 -0.006420791 0.998866796
9.850000 0.101613529 -0.056168936 0.962826669 0.009045781 0.047484413 -0.003285402 0.998825610
9.900000 0.102329180 -0.056534138 0.968786657 0.013714847 0.044922363 0.001354947 0.998895407
9.950000 0.102789521 -0.057066508 0.974378526 0.018061509 0.038990289 0.006579730 0.999054730
10.000000 0.103682287 -0.058010861 0.979790032 0.020227749 0.031286646 0.007719010 0.999275982
10.050000 0.104248568 -0.058794543 0.985685825 0.019760236 0.027754581 0.007761637 0.999389291
10.100000 0.104668163 -0.059638012 0.991467476 0.016952120 0.027876338 0.007859609 0.999436736
10.150000 0.105294190 -0.060229424 0.997173369 0.013753147 0.030073920 0.006323277 0.999433100
10.200000 0.105672866 -0.060245413 1.003485918 0.013567251 0.031357799 0.004344756 0.999406695
10.250000 0.106253825 -0.060047355 1.009557486 0.016658986 0.029063990 0.002956111 0.999434352
10.300000 0.106825456 -0.060093336 1.015351295 0.020891823 0.028389938 0.001555447 0.999377429
10.350000 0.107227057 -0.060195561 1.021671414 0.024860648 0.032283589 -0.002233794 0.999167025
10.400000 0.107755929 -0.060780402 1.026789546 0.026003923 0.038075905 -0.007202961 0.998910546
10.450000 0.108474366 -0.061216682 1.032673240 0.022603605 0.042910557 -0.011645636 0.998755336
10.500000 0.108825795 -0.061688635 1.038009048 0.017183606 0.042582452 -0.014608159 0.998838365
10.550000 0.109407850 -0.062358588 1.043872356 0.014781752 0.039709177 -0.016230792 0.998970151
10.600000 0.110209696 -0.062531106 1.048944235 0.017377241 0.037566956 -0.016351340 0.999009252
10.650000 0.111623324 -0.062290378 1.054546714 0.024334850 0.035336301 -0.015284173 0.998962283
10.700000 0.112311684 -0.062078502 1.060760140 0.030238280 0.032057349 -0.011624267 0.998960912
10.750000 0.112838440 -0.062574625 1.065974236 0.031700302 0.026898632 -0.007484321 0.999107420
10.800000 0.113096341 -0.063151389 1.072176099 0.030056668 0.020935731 -0.005698928 0.999312699
10.850000 0.113591187 -0.063833989 1.077834010 0.025225006 0.016220476 -0.007942598 0.999518633
10.900000 0.113852844 -0.064575195 1.083227515 0.019200897 0.013290909 -0.009064780 0.999686182
10.950000 0.114381984 -0.065366112 1.088800669 0.015194732 0.012793218 -0.008520401 0.999766469
11.000000 0.115248688 -0.065816209 1.095310450 0.015799806 0.012825684 -0.007356500 0.999765873
11.050000 0.115727842 -0.065824427 1.101351142 0.022562807 0.011756951 -0.006277467 0.999656618
11.100000 0.116364218 -0.065675646 1.106576204 0.031752262 0.010103219 -0.005513366 0.999429584
11.150000 0.117030501 -0.065858714 1.113025427 0.035937130 0.012168044 -0.005604043 0.999264300
11.200000 0.117981859 -0.066315994 1.118829012 0.034111291 0.016246364 -0.008247707 0.999251962
11.250000 0.118613675 -0.067097589 1.124436021 0.027489586 0.020974537 -0.007570968 0.999373376
11.300000 0.119449683 -0.067426659 1.130200505 0.017514577 0.024334684 -0.003653156 0.999543786
11.350000 0.120110087 -0.067861110 1.135900378 0.007204265 0.025561709 -0.000174157 0.999647319
11.400000 0.120809518 -0.067775987 1.141685367 0.002767818 0.027628962 0.002898415 0.999610245
11.450000 0.121813662 -0.067707330 1.147584677 0.008058820 0.029349288 0.005945289 0.999519110
11.500000 0.122492820 -0.067552142 1.153498292 0.021078898 0.031992212 0.004782942 0.999254405
11.550000 0.123204701 -0.067342855 1.159449697 0.031861331 0.031868290 0.003386484 0.998978436
11.600000 0.124080755 -0.067272589 1.165310144 0.034950737 0.026975587 0.007629646 0.998995781
11.650000 0.124397077 -0.067741811 1.170963645 0.033272982 0.021315623 0.016304594 0.999085963
11.700000 0.125254378 -0.068472520 1.176318765 0.028647037 0.016283881 0.020472016 0.999247313
11.750000 0.126057148 -0.069555335 1.181654811 0.021957325 0.015475458 0.020006387 0.999438941
11.800000 0.126624361 -0.070335418 1.187456489 0.017205263 0.016618239 0.017427890 0.999562025
11.850000 0.126923174 -0.071087889 1.193656445 0.015862387 0.017741248 0.012823773 0.999634564
11.900000 0.127831176 -0.071020737 1.199139237 0.019521566 0.016061621 0.006890896 0.999656677
11.950000 0.127914697 -0.071406685 1.205641627 0.025035368 0.013209042 0.001098879 0.999598742
12.000000 0.128317758 -0.071705699 1.211561322 0.029015616 0.012478903 -0.001849451 0.999499381
12.050000 0.129439265 -0.071271941 1.216706753 0.031400256 0.011364522 -0.004290717 0.999433100
12.100000 0.129713655 -0.071519651 1.223238707 0.032188267 0.012823824 -0.005096246 0.999386609
12.150000 0.130198225 -0.071973965 1.229246497 0.031601701 0.020213213 -0.002185172 0.999293804
12.200000 0.131499738 -0.073443286 1.234665394 0.027354321 0.027461261 0.001218282 0.999247789
12.250000 0.132566780 -0.073479734 1.239896059 0.023914764 0.032229472 0.004419488 0.999184608
12.300000 0.133364707 -0.073511615 1.245980859 0.021461938 0.035029966 0.007267104 0.999129415
12.350000 0.134843260 -0.073210888 1.252037048 0.021465877 0.036173258 0.009128046 0.999073327
12.400000 0.134765536 -0.073284790 1.258475423 0.023870638 0.034624267 0.009202608 0.999072909
12.450000 0.136025995 -0.073711433 1.263557553 0.027456474 0.028651502 0.009402622 0.999168038
12.500000 0.137095913 -0.073841736 1.269830585 0.033906780 0.021831699 0.011430786 0.999121189
12.550000 0.138217688 -0.074444845 1.275802255 0.036903914 0.012592312 0.011240838 0.999176264
12.600000 0.138853520 -0.074942917 1.281205773 0.032698594 0.006627874 0.007506829 0.999415159
12.650000 0.139733464 -0.075605132 1.287178993 0.025114194 0.004911752 0.004975307 0.999660134
12.700000 0.140457481 -0.076166295 1.293074965 0.020928042 0.006705006 0.003613861 0.999751985
12.750000 0.140857995 -0.076601520 1.298539639 0.023559311 0.009700251 0.002520066 0.999672174
12.800000 0.141352981 -0.076905400 1.304655433 0.033360686 0.011038631 0.003124664 0.999377608
12.850000 0.142291814 -0.077314436 1.310699463 0.043398354 0.012490593 0.003143786 0.998974860
12.900000 0.143385261 -0.077606164 1.316725969 0.048658628 0.013275440 0.000284365 0.998727202
12.950000 0.143955007 -0.078000329 1.322269440 0.052724112 0.016648920 -0.000849968 0.998470008
13.000000 0.144870594 -0.078879178 1.328100324 0.052497756 0.022545850 -0.000025898 0.998366535
13.050000 0.145808995 -0.079771474 1.334025979 0.045187403 0.028231462 0.000989219 0.998579085
13.100000 0.146298483 -0.080334999 1.340282440 0.034722626 0.032105841 0.002245436 0.998878658
13.150000 0.146852359 -0.080605075 1.345860243 0.026889322 0.034777995 0.003163864 0.999028325
13.200000 0.147639692 -0.080830954 1.351279140 0.024003830 0.036894292 0.002399990 0.999027967
13.250000 0.148057103 -0.080312453 1.358070254 0.024907641 0.037744801 -0.001250052 0.998976171
13.300000 0.148475975 -0.080210268 1.363856316 0.024322577 0.035959348 -0.002502376 0.999054134
13.350000 0.148627967 -0.080393039 1.369977951 0.023045465 0.029388156 0.001369001 0.999301434
13.400000 0.148954213 -0.080780432 1.375375390 0.018998733 0.018348092 0.002097347 0.999648988
13.450000 0.149091795 -0.081358813 1.382533908 0.010687063 0.011809935 0.001370799 0.999872208
13.500000 0.148923486 -0.081773944 1.388272524 0.002480996 0.010577279 0.001688074 0.999939561
13.550000 0.149493083 -0.081684962 1.394028187 -0.000655923 0.011546498 0.002055570 0.999931037
13.600000 0.149670944 -0.081749357 1.400406837 0.003372419 0.012677363 0.002724006 0.999910295
13.650000 0.149603218 -0.081690677 1.407195091 0.014226712 0.012989056 0.003308481 0.999808967
13.700000 0.149730563 -0.081848897 1.412337303 0.026464108 0.014833586 0.004674968 0.999528825
13.750000 0.149757802 -0.082380585 1.418804288 0.035011679 0.018623166 0.004961681 0.999201119
13.800000 0.150446072 -0.082567908 1.425406694 0.037469588 0.021841427 0.008705576 0.999021113
13.850000 0.150478423 -0.083608970 1.430900216 0.034052711 0.026213882 0.014142644 0.998976111
13.900000 0.151311427 -0.084161907 1.436952949 0.028607726 0.029840890 0.016136574 0.999014914
13.950000 0.152032569 -0.085023820 1.442167282 0.024533380 0.033928148 0.014775361 0.999013841
14.000000 0.152663156 -0.085120901 1.449139476 0.024247913 0.037232842 0.014622449 0.998905361
14.050000 0.153367087 -0.085236080 1.455326915 0.026493805 0.038423173 0.014622100 0.998803258
14.100000 0.153851047 -0.085082926 1.461273789 0.030217610 0.035462141 0.014135672 0.998814106
14.150000 0.154757470 -0.085592814 1.466229200 0.032555033 0.029294142 0.013335772 0.998951554
14.200000 0.155599773 -0.086487934 1.473355055 0.035438467 0.021326715 0.014478441 0.999039412
14.250000 0.156115681 -0.087413475 1.478927612 0.036914442 0.012139324 0.012719791 0.999163747
14.300000 0.156624749 -0.088090681 1.484970331 0.035505388 0.004903124 0.008158940 0.999324203
14.350000 0.156110153 -0.089160308 1.492014289 0.033854499 0.002222176 0.003443673 0.999418378
14.400000 0.156213328 -0.089715555 1.497884393 0.034866877 0.001055574 0.000384860 0.999391317
14.450000 0.156478599 -0.089950591 1.503727555 0.037499107 -0.001234727 -0.000928866 0.999295533
14.500000 0.157862246 -0.088332631 1.510148764 0.042623647 -0.004889104 -0.000700644 0.999078989
14.550000 0.156771868 -0.090270482 1.515696526 0.043238528 -0.002960142 -0.001182779 0.999059737
14.600000 0.158861578 -0.090285078 1.521129489 0.042971876 0.001667379 -0.003189634 0.999069810
14.650000 0.160494074 -0.089823574 1.527179956 0.040784117 0.006618767 -0.003308974 0.999140620
14.700000 0.160469368 -0.090658620 1.532712936 0.033539828 0.015663119 -0.002563426 0.999311388
14.750000 0.161278069 -0.090541683 1.539127707 0.024076600 0.024290452 -0.003688968 0.999408185
14.800000 0.161710888 -0.092360713 1.543716788 0.015364139 0.030936167 -0.006437998 0.999382555
14.850000 0.163202971 -0.092239536 1.549961567 0.015180157 0.033934068 -0.005326488 0.999294639
14.900000 0.164202809 -0.092083313 1.556020617 0.020231517 0.034946341 -0.004708891 0.999173343
14.950000 0.165155992 -0.091984689 1.562112331 0.025922386 0.032356143 -0.003990545 0.999132276
15.000000 0.166020393 -0.092604034 1.566972494 0.028888524 0.026589809 -0.000934024 0.999228477
15.050000 0.166431010 -0.092613213 1.573556542 0.033609148 0.021583509 0.004043683 0.999193788
15.100000 0.167072684 -0.093708351 1.578297853 0.039087571 0.016742921 0.005374933 0.999081075
15.150000 0.167496935 -0.095171168 1.584005713 0.042423248 0.013247821 0.001862687 0.999010205
15.200000 0.167381957 -0.096344918 1.589152694 0.041990835 0.011438400 -0.000657894 0.999052346
15.250000 0.167280257 -0.096711643 1.595039845 0.039890662 0.010032048 -0.002405427 0.999150872
15.300000 0.168969244 -0.096946985 1.599766016 0.038961038 0.005935636 -0.006099170 0.999204516
15.350000 0.169553995 -0.096235596 1.605954170 0.041460972 0.001301732 -0.011494173 0.999073207
15.400000 0.169592991 -0.096300893 1.611712456 0.044024829 -0.000305253 -0.017824618 0.998871386
15.450000 0.170107335 -0.096252337 1.617027044 0.045345776 0.002685999 -0.023897780 0.998681903
15.500000 0.170665041 -0.096641324 1.622363329 0.044846714 0.006595464 -0.027197797 0.998601794
15.550000 0.171503693 -0.096641637 1.628210068 0.040941417 0.013999469 -0.026608400 0.998709142
15.600000 0.172148496 -0.097377136 1.632984757 0.031286053 0.025509175 -0.022661919 0.998927891
15.650000 0.171947554 -0.097787485 1.638397455 0.019526342 0.036734376 -0.020263363 0.998928785
15.700000 0.173379093 -0.098548874 1.643499017 0.011003470 0.043865848 -0.018609757 0.998803496
15.750000 0.174151942 -0.098578095 1.648863554 0.010801723 0.049305707 -0.016208632 0.998593867
15.800000 0.175163925 -0.098459959 1.654670000 0.017560177 0.052032229 -0.014871148 0.998380244
15.850000 0.176134080 -0.098476723 1.659764647 0.027654512 0.050604392 -0.012935822 0.998252034
15.900000 0.176414207 -0.098449223 1.665783763 0.037879139 0.046131495 -0.008974289 0.998176634
15.950000 0.176687136 -0.099247836 1.671151876 0.045315549 0.040863503 -0.003284355 0.998131216
16.000000 0.177214608 -0.099667288 1.676343322 0.049473405 0.033878937 0.000219490 0.998200715
16.050000 0.177815989 -0.100459091 1.681389689 0.047671251 0.026401406 -0.000294529 0.998514116
16.100000 0.177737936 -0.101295635 1.687088609 0.040769890 0.020737046 -0.000406316 0.998953283
16.150000 0.178622842 -0.101596840 1.692198157 0.032078624 0.016155370 0.002335173 0.999352098
16.200000 0.178229347 -0.102113605 1.697413445 0.023904536 0.015411330 0.003992722 0.999587476
16.250000 0.178789392 -0.101542950 1.703049660 0.021152068 0.013950567 0.004653101 0.999668121
16.300000 0.178811118 -0.101218432 1.708295345 0.022167282 0.015909776 0.003377197 0.999622047
16.350000 0.179104209 -0.101387009 1.713675261 0.022719515 0.020881772 -0.001320906 0.999522924
16.400000 0.179865286 -0.101432495 1.719293356 0.022554712 0.025230858 -0.005741253 0.999410689
16.450000 0.180590972 -0.101657569 1.724676251 0.020013448 0.031931359 -0.006033143 0.999271512
16.500000 0.180555269 -0.102808788 1.730368495 0.013670983 0.040954065 -0.003608722 0.999061048
16.550000 0.181287929 -0.103207186 1.735768914 0.006298111 0.046592601 0.000196523 0.998894095
16.600000 0.182123736 -0.103294767 1.741646290 0.001902492 0.051497005 0.004261822 0.998662293
16.650000 0.182570636 -0.103715442 1.747335434 0.004173662 0.057083715 0.006392740 0.998340249
16.700000 0.183662236 -0.103593789 1.753223300 0.012914984 0.061033014 0.006578481 0.998030543
16.750000 0.184182823 -0.103349559 1.759096861 0.023831978 0.061332669 0.006717081 0.997810245
16.800000 0.184451386 -0.104360454 1.764448524 0.030991793 0.059284136 0.007337112 0.997732997
16.850000 0.185544953 -0.104663678 1.770171046 0.037787769 0.055332750 0.009697767 0.997705579
16.900000 0.185852081 -0.105523676 1.775811195 0.042315654 0.049770642 0.009064854 0.997822702
16.950000 0.186793908 -0.106615901 1.780900002 0.041295119 0.043544799 0.008772446 0.998159111
17.000000 0.187185466 -0.107058927 1.786489010 0.035971962 0.040802691 0.009344550 0.998475790
17.050000 0.187810406 -0.107326083 1.791792989 0.030287663 0.040290747 0.009114938 0.998687267
17.100000 0.188481063 -0.107144170 1.797438622 0.028701907 0.039084002 0.007246804 0.998797357
17.150000 0.188993290 -0.106936976 1.802688956 0.029776569 0.037396669 0.005165083 0.998843431
17.200000 0.189632341 -0.106825717 1.808237910 0.030649854 0.039402440 0.003197461 0.998748124
17.250000 0.190234631 -0.106381878 1.814253211 0.030938929 0.044659875 0.002156698 0.998520732
17.300000 0.190813795 -0.107092485 1.819062352 0.028365884 0.049305703 0.002415501 0.998377979
17.350000 0.191657856 -0.107486360 1.824435115 0.022290751 0.056597572 0.005718654 0.998131812
17.400000 0.192113519 -0.108078420 1.829553008 0.010190509 0.064120136 0.008398750 0.997854829
17.450000 0.193039715 -0.108457170 1.834997654 -0.002075474 0.067124069 0.008981832 0.997702062
17.500000 0.193972379 -0.108655289 1.840095043 -0.006933473 0.068459392 0.009166632 0.997587740
17.550000 0.194789186 -0.108812973 1.845758200 -0.002604493 0.070165120 0.007764648 0.997501791
17.600000 0.195546702 -0.108502924 1.851237655 0.008175667 0.069840275 0.006618626 0.997502744
17.650000 0.196423367 -0.108662210 1.856847525 0.019918174 0.064584821 0.006299263 0.997693539
17.700000 0.196941420 -0.108870596 1.862166524 0.028536197 0.058448050 0.007494810 0.997854412
17.750000 0.197468892 -0.108949780 1.867873549 0.034380507 0.052505895 0.010471569 0.997973680
17.800000 0.198652342 -0.109793261 1.873684764 0.033570103 0.044974726 0.011341547 0.998359501
17.850000 0.199156359 -0.110667758 1.878678679 0.025217535 0.038083218 0.012348276 0.998880029
17.900000 0.199951291 -0.110923715 1.884104490 0.016892379 0.031460740 0.014801531 0.999252617
17.950000 0.200780958 -0.111098297 1.889705181 0.013715103 0.024541650 0.014226053 0.999503493
18.000000 0.201307252 -0.110897861 1.895099759 0.016524438 0.017234365 0.011302281 0.999651074
18.050000 0.201918036 -0.110640548 1.900909662 0.021838626 0.012498775 0.006472855 0.999662459
18.100000 0.202894837 -0.110624112 1.906090736 0.024995171 0.014160940 0.000581064 0.999587119
18.150000 0.203609511 -0.110642396 1.911840081 0.026356274 0.019124970 -0.005031509 0.999457002
18.200000 0.204265773 -0.111405872 1.917085528 0.026065798 0.022303835 -0.007437893 0.999383748
18.250000 0.205451131 -0.111906581 1.922008753 0.024083506 0.025410287 -0.005165755 0.999373615
18.300000 0.206275970 -0.112698093 1.926808596 0.019304454 0.027457513 -0.002006575 0.999434590
18.350000 0.207446486 -0.113188416 1.931919694 0.015934577 0.026393812 0.001735970 0.999523103
18.400000 0.208339214 -0.113955975 1.936945200 0.016021615 0.026590336 0.004485071 0.999508023
18.450000 0.208555490 -0.113747969 1.942523599 0.022073740 0.028182942 0.006060505 0.999340713
18.500000 0.209916025 -0.113413364 1.948086977 0.030466307 0.024319401 0.004913677 0.999227822
18.550000 0.210524604 -0.113399968 1.953639627 0.038217805 0.015578547 0.004514971 0.999137819
18.600000 0.211084202 -0.113176741 1.958888650 0.044992223 0.003288214 0.003884575 0.998974383
18.650000 0.211497173 -0.114301018 1.963855743 0.047127556 -0.010318663 0.001408440 0.998834610
18.700000 0.211245939 -0.114688076 1.969243646 0.046246499 -0.025784649 -0.000824498 0.998596907
18.750000 0.211967781 -0.114986084 1.974487066 0.040952567 -0.043839924 -0.003141121 0.998193920
18.800000 0.211748943 -0.115869693 1.979564190 0.032231227 -0.056765523 -0.003869233 0.997859657
18.850000 0.212003127 -0.116127327 1.984720349 0.025970271 -0.067988917 -0.004352048 0.997338533
18.900000 0.212026805 -0.115256310 1.990014791 0.026327735 -0.076980434 -0.005045811 0.996672153
18.950000 0.212064564 -0.115273356 1.995145559 0.028684713 -0.083036534 -0.008867600 0.996094108
19.000000 0.212483749 -0.115119606 2.000202656 0.032768380 -0.085586779 -0.015367265 0.995673120
19.050000 0.212569013 -0.115352184 2.005125284 0.034874417 -0.087134764 -0.023984475 0.995297015
19.100000 0.212265804 -0.115513429 2.010427237 0.031411152 -0.088413134 -0.026034830 0.995248079
19.150000 0.211965084 -0.115924016 2.015329838 0.022257918 -0.088417456 -0.023389205 0.995560169
19.200000 0.211661503 -0.116621777 2.020416498 0.011791332 -0.091229126 -0.023249464 0.995488703
19.250000 0.211568117 -0.116911657 2.025366306 0.006543840 -0.097248994 -0.021023987 0.995016515
19.300000 0.211092055 -0.116951160 2.030645132 0.009058390 -0.102391943 -0.017261872 0.994553089
19.350000 0.210376099 -0.116921254 2.035757780 0.016930047 -0.109333031 -0.015964294 0.993732750
19.400000 0.209570140 -0.116996258 2.041177750 0.026443705 -0.121552482 -0.016374670 0.992097616
19.450000 0.208604202 -0.116881087 2.046129227 0.033562832 -0.138274476 -0.018247059 0.989656925
19.500000 0.207399547 -0.117252879 2.051120281 0.035170816 -0.155067220 -0.023337498 0.987001777
19.550000 0.206042796 -0.117814474 2.055677891 0.034176663 -0.175096437 -0.026308091 0.983606160
19.600000 0.204335392 -0.118469879 2.060519695 0.031940948 -0.195347056 -0.025771709 0.979875088
19.650000 0.202569664 -0.118884206 2.065065622 0.028437788 -0.211819932 -0.023125948 0.976621151
19.700000 0.201093465 -0.119739749 2.069878578 0.022975825 -0.225620076 -0.018290134 0.973772645
19.750000 0.199315757 -0.120110489 2.074586391 0.021177778 -0.237384319 -0.014234828 0.971080661
19.800000 0.197568268 -0.120098427 2.079319954 0.023827661 -0.250014573 -0.011765815 0.967877328
19.850000 0.195872515 -0.120005272 2.083950520 0.028484378 -0.260735840 -0.012317763 0.964911282
19.900000 0.194070876 -0.119951777 2.088453770 0.033169456 -0.267309338 -0.015866032 0.962909043
19.950000 0.192041531 -0.119960196 2.092864752 0.033722654 -0.272192687 -0.021521008 0.961410820
20.000000 0.190191448 -0.120336682 2.097034931 0.026401354 -0.275925815 -0.022940526 0.960542381
20.050000 0.188207120 -0.120866477 2.101205349 0.013947951 -0.279086173 -0.018987136 0.959977031
20.100000 0.186188921 -0.121438965 2.105277777 0.002908407 -0.282942057 -0.014132421 0.959028482
20.150000 0.184152782 -0.121989951 2.109528065 -0.003079789 -0.285979122 -0.010009653 0.958178639
20.200000 0.181985319 -0.122218341 2.113754272 -0.002476425 -0.286857247 -0.008201577 0.957935035
20.250000 0.179790527 -0.122220710 2.117929459 0.001862605 -0.287913769 -0.009125724 0.957611084
20.300000 0.177487582 -0.122295998 2.122062445 0.006854808 -0.294482052 -0.010395398 0.955575883
20.350000 0.175019056 -0.122489959 2.126060247 0.012762683 -0.304056823 -0.010479764 0.952510774
20.400000 0.172512829 -0.123000316 2.129842758 0.015212434 -0.314986318 -0.009337119 0.948928356
20.450000 0.170004994 -0.123636968 2.133397341 0.012490577 -0.324693084 -0.012717359 0.945651472
20.500000 0.167502820 -0.124441147 2.136989117 0.006581689 -0.331048757 -0.015678367 0.943460464
20.550000 0.164964885 -0.125157386 2.140571594 0.000306566 -0.336998045 -0.017923551 0.941334724
20.600000 0.162355930 -0.125721782 2.144192696 -0.003537244 -0.342966616 -0.017791485 0.939172447
20.650000 0.159559637 -0.125882566 2.147959471 -0.001090337 -0.346944243 -0.016601233 0.937738240
20.700000 0.156793833 -0.125710547 2.151609898 0.008291940 -0.349991679 -0.016094998 0.936577916
20.750000 0.153904945 -0.125842750 2.155521631 0.018671989 -0.350019038 -0.018362602 0.936376512
20.800000 0.151350558 -0.126131356 2.159229994 0.026509786 -0.347325414 -0.021015296 0.937134326
20.850000 0.148519218 -0.126394019 2.163063288 0.027465282 -0.344631195 -0.021405667 0.938092113
20.900000 0.145932406 -0.126860216 2.166468620 0.021356406 -0.339554161 -0.020229984 0.940126419
20.950000 0.142905772 -0.127602130 2.169917107 0.013316201 -0.331774503 -0.018895755 0.943075478
21.000000 0.140230536 -0.128094673 2.173372507 0.006788962 -0.327963918 -0.016818937 0.944516182
21.050000 0.137457609 -0.128333151 2.176872730 0.002881364 -0.325848758 -0.012729582 0.945331931
21.100000 0.134686679 -0.128404245 2.180653095 0.003848766 -0.322558671 -0.009843797 0.946490467
21.150000 0.131642640 -0.128451034 2.184267521 0.006626022 -0.319135010 -0.007115937 0.947659433
21.200000 0.128872901 -0.128263310 2.188238144 0.008186109 -0.321058929 -0.002873815 0.947019458
21.250000 0.125885457 -0.128351793 2.191706657 0.007940671 -0.326897264 0.001012990 0.945026040
21.300000 0.122948557 -0.128784329 2.195440054 0.006449467 -0.334221691 0.003800855 0.942464769
21.350000 0.120115042 -0.129150182 2.198676348 0.004013528 -0.339355230 0.000148595 0.940649807
21.400000 0.117095441 -0.129877970 2.202674866 0.002116991 -0.343317360 -0.003326227 0.939211190
21.450000 0.114248991 -0.130373657 2.205880880 0.000425170 -0.350250721 -0.007456064 0.936626196
21.500000 0.111580700 -0.130862802 2.209416866 -0.002944958 -0.356695712 -0.008632268 0.934176087
21.550000 0.108975649 -0.131201655 2.212714911 -0.003562435 -0.360571682 -0.008232376 0.932688415
21.600000 0.106164873 -0.131326124 2.215994120 0.000628285 -0.361604989 -0.009127544 0.932286501
21.650000 0.103385717 -0.131395668 2.219203949 0.007464630 -0.360469520 -0.010789214 0.932678699
21.700000 0.100501150 -0.131413192 2.222413063 0.015181902 -0.357591063 -0.013703139 0.933654368
21.750000 0.097759485 -0.131482288 2.225683212 0.020959843 -0.354784936 -0.017970534 0.934540212
21.800000 0.094981343 -0.131725118 2.228976727 0.022890126 -0.352267146 -0.021670477 0.935368538
21.850000 0.092271954 -0.132163599 2.232059002 0.021094430 -0.347917318 -0.022353597 0.937021315
21.900000 0.089583218 -0.132600158 2.235167265 0.015003333 -0.345271200 -0.021414112 0.938138664
21.950000 0.086888969 -0.132937461 2.237996578 0.006033873 -0.344709575 -0.019672830 0.938483834
22.000000 0.084204942 -0.133177221 2.240991592 -0.000909493 -0.344216108 -0.015771750 0.938757539
22.050000 0.081422389 -0.133242801 2.244102955 -0.002002174 -0.342228770 -0.010440039 0.939556539
22.100000 0.078430653 -0.133267596 2.247377872 0.001724952 -0.338620335 -0.004483719 0.940910876
22.150000 0.075565159 -0.133167073 2.250685453 0.008458965 -0.336082190 0.002486278 0.941791415
22.200000 0.072731882 -0.133245662 2.254082918 0.015081187 -0.334910631 0.009097481 0.942085326
22.250000 0.069963604 -0.133566707 2.257567167 0.018836478 -0.336406767 0.014158243 0.941421926
22.300000 0.067317456 -0.134286463 2.260716200 0.018657066 -0.336817771 0.015394926 0.941259086
22.350000 0.064379573 -0.134603113 2.264139652 0.013784265 -0.337139994 0.015647959 0.941223621
22.400000 0.061695755 -0.134725079 2.267545700 0.005223863 -0.336565375 0.015141970 0.941523910
22.450000 0.058630228 -0.135146394 2.270996571 -0.003519045 -0.331980854 0.012930248 0.943190932
22.500000 0.056226969 -0.135292277 2.274793863 -0.005953605 -0.326292574 0.010019714 0.945196986
22.550000 0.053209573 -0.134774283 2.278383732 -0.001793168 -0.317192405 0.005376182 0.948344290
22.600000 0.050196469 -0.134862736 2.281931400 0.005195947 -0.304164231 0.001733059 0.952603877
22.650000 0.047668114 -0.134746626 2.285766125 0.012243094 -0.293746889 -0.000119953 0.955804825
22.700000 0.045186445 -0.135067523 2.289473057 0.014163597 -0.284521013 0.000260520 0.958565116
22.750000 0.042698309 -0.135788456 2.293190002 0.009576259 -0.275333196 0.001398442 0.961300194
22.800000 0.040703326 -0.135943204 2.297208071 0.001638199 -0.267200440 0.001117252 0.963639021
22.850000 0.038095817 -0.136650503 2.300261021 -0.006543979 -0.256840080 0.001462471 0.966430664
22.900000 0.036097854 -0.136956364 2.303967237 -0.009841220 -0.247330263 0.006629795 0.968858600
22.950000 0.033850998 -0.136790365 2.308146715 -0.007459170 -0.238562316 0.014217471 0.970994473
23.000000 0.032080010 -0.136770934 2.311941147 -0.000688509 -0.230698794 0.021728581 0.972782314
23.050000 0.029892996 -0.136226878 2.315603256 0.008817624 -0.225400597 0.027770141 0.973830462
23.100000 0.027963035 -0.136376262 2.319330692 0.014642162 -0.223040074 0.032154910 0.974168837
23.150000 0.025747009 -0.136550933 2.323360205 0.015185769 -0.219554022 0.033016313 0.974923313
23.200000 0.024029106 -0.136965588 2.327028990 0.010046015 -0.210536093 0.029223725 0.977097571
23.250000 0.022270516 -0.137637854 2.330873728 -0.001559560 -0.200081006 0.021336434 0.979545772
23.300000 0.020926587 -0.138240695 2.334844828 -0.015555071 -0.190600753 0.015483857 0.981422246
23.350000 0.019499961 -0.138820127 2.338674784 -0.025658626 -0.183066368 0.013805968 0.982668698
23.400000 0.018132474 -0.138940930 2.342746735 -0.027973197 -0.174804404 0.014509681 0.984098792
23.450000 0.016591951 -0.138881281 2.347330809 -0.023710551 -0.161822498 0.017450275 0.986380637
23.500000 0.015355099 -0.138912752 2.351891994 -0.015817912 -0.146841466 0.020181403 0.988827646
23.550000 0.014051765 -0.139320344 2.356336117 -0.007839646 -0.128195852 0.021171417 0.991491914
23.600000 0.012925295 -0.139571100 2.360974550 -0.000522522 -0.107724585 0.020781590 0.993963420
23.650000 0.012163850 -0.140080720 2.365515232 0.002265363 -0.088599414 0.020718809 0.995849252
23.700000 0.011428596 -0.140609205 2.369781971 0.001480077 -0.070017599 0.021547202 0.997311950
23.750000 0.010675216 -0.141237706 2.374498844 -0.002062947 -0.054935463 0.022092491 0.998243332
23.800000 0.009981808 -0.141725764 2.378473043 -0.007605105 -0.042174120 0.022694325 0.998823583
23.850000 0.009657145 -0.142127380 2.383121490 -0.011502937 -0.032084730 0.024930086 0.999108016
23.900000 0.009277566 -0.141956538 2.387625456 -0.009462324 -0.023539728 0.026672581 0.999322236
23.950000 0.009045540 -0.141698599 2.392276764 -0.002720120 -0.017276458 0.027824752 0.999459803
24.000000 0.008906528 -0.141359210 2.396782398 0.005493337 -0.013742076 0.027338287 0.999516726
24.050000 0.008555207 -0.141580522 2.401139975 0.011823124 -0.012982199 0.026428109 0.999496520
24.100000 0.008036784 -0.141600654 2.405480385 0.014640220 -0.014455843 0.026731916 0.999430895
24.150000 0.008060617 -0.141764790 2.409808159 0.010259654 -0.016922796 0.024254264 0.999509931
24.200000 0.007715452 -0.142585173 2.413519859 0.000282060 -0.016182052 0.020261828 0.999663711
24.250000 0.007857942 -0.142878354 2.417708158 -0.010209889 -0.016259870 0.019996041 0.999615729
24.300000 0.007916766 -0.142960697 2.421884537 -0.019149005 -0.016372547 0.023262002 0.999411941
24.350000 0.007583314 -0.143312559 2.425948620 -0.023619255 -0.015788168 0.026266532 0.999251187
24.400000 0.007393827 -0.143301964 2.430151701 -0.020764316 -0.016331857 0.026577080 0.999297678
24.450000 0.007106118 -0.143216729 2.434462786 -0.013242300 -0.014600391 0.023300527 0.999534190
24.500000 0.007037112 -0.143082187 2.438686848 -0.005633511 -0.007760681 0.018103974 0.999790132
24.550000 0.007147716 -0.143174887 2.443503141 -0.000096898 0.002344666 0.013442885 0.999906898
24.600000 0.007377846 -0.143310606 2.448059082 0.004737124 0.010648808 0.009435147 0.999887586
24.650000 0.007517652 -0.143962070 2.452108383 0.008044756 0.019649016 0.006175302 0.999755502
24.700000 0.008112901 -0.144244269 2.456580877 0.010289217 0.029684655 0.005797368 0.999489546
24.750000 0.007987501 -0.145068973 2.460573196 0.008099577 0.037991960 0.007620545 0.999216199
24.800000 0.008370264 -0.145577297 2.464585066 0.003229324 0.043396372 0.012150958 0.998978853
24.850000 0.008670220 -0.145944700 2.469220877 -0.000984802 0.049924556 0.016364204 0.998618424
24.900000 0.008962281 -0.146135151 2.473486662 -0.000613312 0.058599979 0.016960381 0.998137295
24.950000 0.009791462 -0.146109417 2.477640629 0.005256291 0.066013500 0.016995978 0.997660160
25.000000 0.010146419 -0.146147296 2.482148170 0.014500351 0.069962531 0.018295418 0.997276485
25.050000 0.010604115 -0.145880878 2.486641169 0.023507956 0.068638019 0.020811422 0.997147501
25.100000 0.010859868 -0.146078020 2.491001606 0.028859632 0.066521794 0.023635829 0.997087479
25.150000 0.011200668 -0.146634161 2.495183229 0.028277898 0.065814562 0.025545225 0.997103930
25.200000 0.011361515 -0.147285938 2.499349356 0.023679435 0.068594143 0.025922826 0.997026682
25.250000 0.012125063 -0.147558764 2.503812551 0.018478295 0.069230452 0.025720438 0.997097909
25.300000 0.012311134 -0.148313239 2.508301497 0.010382883 0.068357103 0.023795119 0.997323096
25.350000 0.012571403 -0.148887932 2.512181282 0.004071650 0.068129726 0.021664400 0.997432947
25.400000 0.012826154 -0.148847759 2.516399860 0.003338179 0.068602763 0.018809848 0.997461140
25.450000 0.013144650 -0.148628816 2.520870924 0.007513550 0.070594780 0.016349956 0.997342825
25.500000 0.013649644 -0.148682177 2.525369644 0.013881627 0.077910408 0.014238360 0.996762097
25.550000 0.014438685 -0.148609415 2.530005932 0.020018775 0.090742290 0.014427373 0.995568693
25.600000 0.014971605 -0.148804039 2.534418106 0.023441501 0.103349753 0.017848462 0.994208694
25.650000 0.016154528 -0.148923442 2.538678885 0.023315007 0.115031779 0.023230013 0.992816448
25.700000 0.017113745 -0.149933174 2.542477131 0.018103393 0.130207062 0.026969805 0.990954578
25.750000 0.017934332 -0.150154307 2.547050953 0.009651936 0.143976510 0.028615389 0.989120185
25.800000 0.019079246 -0.150374398 2.551070690 0.000299190 0.153027043 0.030705430 0.987744808
25.850000 0.020071179 -0.150397599 2.555321455 -0.005009737 0.160560548 0.033573486 0.986442149
25.900000 0.020991193 -0.150376096 2.559363365 -0.005154094 0.168109462 0.033608045 0.985181868
25.950000 0.022437003 -0.149780482 2.564227581 -0.000460719 0.173893183 0.030888645 0.984279871
26.000000 0.023472875 -0.149340361 2.568703651 0.004574422 0.176023111 0.027769320 0.983983636
26.050000 0.024656799 -0.149324730 2.572764158 0.007423902 0.173634648 0.026340133 0.984429836
26.100000 0.025538599 -0.149442285 2.576965332 0.008966137 0.171514273 0.028561141 0.984726727
26.150000 0.026737070 -0.149469733 2.581208944 0.008065391 0.171266571 0.029310094 0.984755635
26.200000 0.027722118 -0.150414124 2.585358143 0.003135631 0.170812905 0.029012600 0.984871268
26.250000 0.028838042 -0.150887862 2.589629650 -0.002617566 0.168704748 0.030580236 0.985188663
26.300000 0.030024631 -0.151230499 2.593505144 -0.006820404 0.167339459 0.031941947 0.985358179
26.350000 0.031280056 -0.151019156 2.597749949 -0.005470608 0.166641951 0.032321945 0.985472381
26.400000 0.032550059 -0.151461646 2.602083445 -0.000722662 0.167766958 0.028665606 0.985409558
26.450000 0.034047253 -0.151307344 2.606208563 0.007708639 0.173283070 0.023933066 0.984551132
26.500000 0.035614084 -0.151273459 2.610352278 0.015341701 0.184383139 0.019654576 0.982538164
26.550000 0.037283268 -0.151439622 2.614281654 0.019310301 0.194752708 0.017473908 0.980506659
26.600000 0.038840909 -0.151827082 2.618453264 0.019453110 0.205323488 0.019878123 0.978298903
26.650000 0.040620968 -0.152042687 2.622184277 0.015060719 0.218235835 0.023901179 0.975487113
26.700000 0.042248972 -0.152805254 2.626184464 0.006033985 0.230683565 0.027171493 0.972630680
26.750000 0.044241652 -0.153069615 2.630283833 -0.000939073 0.240098700 0.031051911 0.970251262
26.800000 0.046275057 -0.153234452 2.633896112 -0.002031253 0.249450624 0.034212586 0.967780828
26.850000 0.048395306 -0.152886704 2.637742996 0.002381581 0.260852933 0.034608763 0.964755058
26.900000 0.050698474 -0.152634680 2.641825914 0.007480886 0.272767901 0.032542869 0.961500227
26.950000 0.053116292 -0.152099565 2.645797729 0.011181641 0.281383932 0.031293996 0.959019780
27.000000 0.055404902 -0.151938438 2.649775505 0.010388003 0.286117911 0.032602515 0.957583308
27.050000 0.057786137 -0.151968151 2.653688431 0.008142578 0.289112955 0.036727861 0.956555545
27.100000 0.060348228 -0.152183682 2.657220840 0.005604780 0.292660147 0.039039712 0.955402851
27.150000 0.062789679 -0.152526394 2.660804749 0.002520655 0.297957152 0.041542009 0.953671575
27.200000 0.065343291 -0.153111190 2.664411306 -0.000421725 0.301608920 0.044055711 0.952413261
27.250000 0.067931816 -0.153444752 2.668009043 -0.000057978 0.305068970 0.046278652 0.951205134
27.300000 0.070665881 -0.153807938 2.671616316 0.002543235 0.309456795 0.044751659 0.949856520
27.350000 0.073352352 -0.153805703 2.675488472 0.007716917 0.315910459 0.039403945 0.947939098
27.400000 0.076249361 -0.153951749 2.679132223 0.013396839 0.325687855 0.031871833 0.944845021
27.450000 0.079049230 -0.153937772 2.682480812 0.017888265 0.339097023 0.024259066 0.940268457
27.500000 0.082224458 -0.154113576 2.686454773 0.017929958 0.352208108 0.018803760 0.935561001
27.550000 0.085228115 -0.154369608 2.689171791 0.015028945 0.363961309 0.018198438 0.931114972
27.600000 0.088107139 -0.154600307 2.692479134 0.010291187 0.375724763 0.020471055 0.926448047
27.650000 0.091328770 -0.155289307 2.695618153 0.002437531 0.384850115 0.023355061 0.922680378
27.700000 0.094328016 -0.155664325 2.698441505 -0.002672484 0.392930448 0.026320249 0.919187605
27.750000 0.098008871 -0.155645847 2.701224804 -0.000217922 0.399091959 0.029459750 0.916437507
27.800000 0.101865888 -0.155423313 2.704040766 0.005742338 0.404707968 0.028922739 0.913970470
27.850000 0.105127633 -0.155023351 2.707268238 0.011992701 0.411301613 0.025252765 0.911070526
27.900000 0.108813822 -0.154689983 2.709938288 0.017035130 0.414277732 0.023442481 0.909689069
27.950000 0.112636924 -0.154291362 2.713357925 0.019831916 0.414039612 0.024054311 0.909724832
28.000000 0.116179049 -0.154114634 2.716056347 0.019114910 0.410160810 0.028461995 0.911368608
28.050000 0.119939208 -0.154536247 2.719069481 0.011844588 0.405376077 0.032957830 0.913478911
28.100000 0.123451173 -0.154659837 2.721739054 0.002767708 0.401443332 0.037176374 0.915124893
28.150000 0.127084255 -0.154876739 2.724529743 -0.006513552 0.399060577 0.039963391 0.916030109
28.200000 0.130754471 -0.154892266 2.727345705 -0.010979420 0.398139656 0.040548358 0.916362464
28.250000 0.134319812 -0.154749274 2.729551554 -0.009670581 0.397588462 0.036757708 0.916776359
28.300000 0.138154268 -0.154783830 2.733375788 -0.006288163 0.397917390 0.029495202 0.916925430
28.350000 0.141895264 -0.154825538 2.736327171 -0.003246805 0.403200179 0.019494629 0.914898396
28.400000 0.146012366 -0.154746577 2.739826441 0.000572554 0.410532624 0.010336990 0.911787152
28.450000 0.150044739 -0.154828355 2.742687225 0.004334275 0.413009256 0.005873223 0.910697579
28.500000 0.153828204 -0.155104250 2.745848179 0.003730081 0.414334267 0.007277053 0.910088062
28.550000 0.157513916 -0.155598626 2.748687744 -0.003047002 0.417175800 0.013064836 0.908726811
28.600000 0.161118686 -0.155633524 2.751465559 -0.011762191 0.420055598 0.018504217 0.907233417
28.650000 0.164674342 -0.155930936 2.754398823 -0.016830364 0.421488762 0.022316661 0.906402767
28.700000 0.168176472 -0.156139463 2.757021427 -0.015677439 0.422374398 0.024059428 0.905966401
28.750000 0.172154427 -0.155838400 2.760127544 -0.009735222 0.423926711 0.022793578 0.905357301
28.800000 0.175925851 -0.155493930 2.762939215 -0.001226731 0.424707979 0.020277113 0.905102491
28.850000 0.180050254 -0.155079395 2.765772581 0.007725074 0.422815681 0.020208957 0.905957460
28.900000 0.184032500 -0.154883474 2.768632650 0.014020863 0.419909239 0.022172341 0.907186866
28.950000 0.187805027 -0.155047461 2.771446705 0.015503131 0.414862096 0.023541268 0.909447610
29.000000 0.191902339 -0.155458391 2.774423122 0.010127808 0.410698801 0.023799384 0.911404133
29.050000 0.195753843 -0.155631199 2.777049303 0.000429180 0.407429188 0.026607148 0.912849069
29.100000 0.199413508 -0.156054646 2.780247211 -0.010346015 0.405973613 0.030985823 0.913300812
29.150000 0.203025311 -0.156205446 2.783143044 -0.018359285 0.406095684 0.032958359 0.913051546
29.200000 0.206956863 -0.155940756 2.786066771 -0.020383775 0.404978961 0.031421419 0.913558602
29.250000 0.210761130 -0.155581951 2.788506031 -0.016771674 0.403604120 0.026525585 0.914395332
29.300000 0.214905322 -0.155377984 2.792421341 -0.010018285 0.405452758 0.019721355 0.913848341
29.350000 0.218840688 -0.155448481 2.796479940 -0.004642028 0.409078777 0.013319294 0.912390113
29.400000 0.222768426 -0.155031174 2.798393250 -0.001061560 0.410363346 0.012661909 0.911833584
29.450000 0.226835459 -0.155966833 2.802145243 -0.004219386 0.413245767 0.017315825 0.910445094
29.500000 0.230558842 -0.156165928 2.805413723 -0.012311850 0.414449990 0.023804983 0.909677446
29.550000 0.234601259 -0.156549186 2.808523417 -0.019666487 0.412383616 0.029395875 0.910323560
29.600000 0.238333464 -0.156293094 2.811393738 -0.020845136 0.411587626 0.031816594 0.910576165
29.650000 0.242680699 -0.156140164 2.814171553 -0.017092424 0.413225889 0.029389676 0.909993768
29.700000 0.246986598 -0.155996829 2.817576408 -0.009070849 0.413021058 0.024081318 0.910357833
29.750000 0.251218766 -0.155481309 2.820710182 0.001019948 0.408160031 0.019386895 0.912703931
29.800000 0.255188435 -0.155329898 2.824360847 0.008885823 0.402348489 0.017952265 0.915267408
29.850000 0.259182721 -0.155757055 2.827880383 0.007947717 0.395083338 0.017102581 0.918451726
29.900000 0.262741774 -0.155964732 2.831115723 -0.001313406 0.392392278 0.016476886 0.919649482
29.950000 0.266571134 -0.156588495 2.834171772 -0.012262869 0.390996903 0.019504819 0.920103610
30.000000 0.270069212 -0.156842843 2.836808205 -0.019106604 0.389790952 0.026130661 0.920334280
30.050000 0.274239630 -0.157180637 2.840487242 -0.020194957 0.389558703 0.031522203 0.920240462
30.100000 0.277947873 -0.157215118 2.844075203 -0.015128815 0.389675319 0.032079820 0.920269072
30.150000 0.281966060 -0.157041311 2.847633600 -0.004905609 0.391744405 0.029406434 0.919591010
30.200000 0.286015511 -0.156958312 2.851271868 0.005220854 0.398071021 0.023780001 0.917031467
30.250000 0.289859295 -0.157029465 2.854710102 0.013428585 0.405318350 0.018049829 0.913898766
30.300000 0.293759048 -0.157222435 2.858077526 0.017882038 0.409030408 0.016943218 0.912188172
30.350000 0.297524393 -0.157637194 2.860836029 0.015600880 0.414077967 0.019569712 0.909897268
30.400000 0.301247239 -0.157774746 2.863365173 0.007190015 0.419862568 0.022106014 0.907289982
30.450000 0.304745972 -0.158226013 2.866085291 -0.001092737 0.422854543 0.024064781 0.905877411
30.500000 0.309201777 -0.158427387 2.869934082 -0.002563653 0.424678087 0.025402199 0.904984355
30.550000 0.313183963 -0.158293977 2.872708797 0.001099313 0.427278519 0.023471713 0.903814733
30.600000 0.317381114 -0.157763302 2.876706123 0.007142566 0.429380208 0.019417798 0.902886808
30.650000 0.321385413 -0.157063007 2.879772663 0.012421167 0.426914603 0.016127177 0.904062808
30.700000 0.325251907 -0.157195583 2.883084059 0.014826962 0.421942413 0.016102800 0.906358421
30.750000 0.329382539 -0.157103106 2.886461735 0.013055532 0.415888965 0.017237170 0.909158349
30.800000 0.333160758 -0.157278299 2.889694929 0.003906636 0.413554847 0.018830648 0.910276115
30.850000 0.336983949 -0.157848924 2.892820835 -0.008667870 0.413021684 0.022808427 0.910394371
30.900000 0.341009498 -0.158032268 2.896060705 -0.017151546 0.412602514 0.027957773 0.910320520
30.950000 0.345066935 -0.158211648 2.899623156 -0.019317584 0.411014587 0.032104321 0.910858572
31.000000 0.348735482 -0.157683432 2.902622700 -0.015060357 0.409291148 0.032604255 0.911696732
31.050000 0.352865398 -0.157449752 2.906160355 -0.008556574 0.410264730 0.026965264 0.911527634
31.100000 0.357081205 -0.157078207 2.909884930 -0.002949809 0.416825801 0.016926866 0.908824027
31.150000 0.361140430 -0.156710297 2.913117886 0.000348612 0.421537191 0.011638803 0.906736434
31.200000 0.365445614 -0.156837583 2.917069197 0.000126975 0.422777653 0.014640762 0.906115234
31.250000 0.369576424 -0.157124847 2.919759989 -0.002130087 0.423623949 0.022053789 0.905567169
31.300000 0.373684108 -0.157428235 2.923125267 -0.005598077 0.425479978 0.028523825 0.904500961
31.350000 0.378096819 -0.157877088 2.926292896 -0.008336375 0.427090496 0.032396607 0.903589904
31.400000 0.382334024 -0.157966107 2.929140329 -0.006867960 0.429872990 0.031759862 0.902304530
31.450000 0.387053370 -0.157814085 2.932676792 0.000078467 0.432769775 0.027379634 0.901088655
31.500000 0.391606033 -0.157674611 2.936088562 0.008639303 0.433224112 0.021634767 0.900985122
31.550000 0.395824581 -0.157768175 2.939240932 0.014111917 0.429416329 0.016820008 0.902839720
31.600000 0.400114894 -0.157907814 2.942543745 0.020428661 0.424539059 0.016999850 0.905019522
31.650000 0.404572517 -0.158156455 2.945817947 0.021199357 0.419901609 0.015925331 0.907182276
31.700000 0.408583015 -0.158765182 2.948825121 0.013989826 0.419282973 0.014934325 0.907625020
31.750000 0.412551731 -0.159004539 2.952272177 0.003010903 0.420352250 0.017154075 0.907193840
31.800000 0.416550219 -0.159113720 2.955679417 -0.006648582 0.421615779 0.018971976 0.906551719
31.850000 0.420330733 -0.158915028 2.959009171 -0.009602407 0.419373304 0.018253475 0.907579601
31.900000 0.424525470 -0.158598781 2.962435961 -0.005419631 0.415283382 0.013322508 0.909578502
31.950000 0.428642631 -0.158457845 2.965442896 0.001614702 0.414527863 0.006568493 0.910011470
32.000000 0.432553947 -0.158387125 2.968721390 0.006082847 0.417065978 -0.002079049 0.908853531
32.050000 0.436684728 -0.158508569 2.972040176 0.004923488 0.419729769 -0.005273656 0.907620430
32.100000 0.440817922 -0.158697307 2.975445747 -0.002409419 0.424076468 0.000916167 0.905622721
32.150000 0.444998920 -0.159064904 2.978655577 -0.013757087 0.427606136 0.011152626 0.903791666
32.200000 0.449076682 -0.159279346 2.981700420 -0.024895404 0.428906411 0.017745310 0.902831495
32.250000 0.453248709 -0.159207776 2.984958172 -0.030606244 0.427941531 0.021291994 0.903037071
32.300000 0.457560480 -0.158938885 2.988198519 -0.029398721 0.426883101 0.022720383 0.903543234
32.350000 0.462354869 -0.158442512 2.991806746 -0.022356719 0.425719410 0.023274869 0.904279530
32.400000 0.466354132 -0.157978386 2.995306730 -0.012056224 0.423496038 0.024356419 0.905490220
32.450000 0.470747709 -0.157799393 2.998685360 -0.001030892 0.420399576 0.028125120 0.906902552
32.500000 0.474772304 -0.157863274 3.001873255 0.005134612 0.413999259 0.030940343 0.909736812
32.550000 0.479131579 -0.158359289 3.005163193 0.002082274 0.409228235 0.030690948 0.911913335
32.600000 0.483280987 -0.158807158 3.008315325 -0.003621866 0.407734573 0.032120593 0.912528157
32.650000 0.487391025 -0.159395099 3.011560678 -0.008249195 0.409035712 0.033325527 0.911872387
32.700000 0.491884708 -0.159846306 3.014790535 -0.008667829 0.410111338 0.031885568 0.911436737
32.750000 0.496001959 -0.160069823 3.017929554 -0.005427302 0.409225911 0.025670243 0.912055790
32.800000 0.500274360 -0.159813911 3.021268845 0.000251586 0.408846736 0.015200158 0.912476480
32.850000 0.504935145 -0.159879267 3.024621010 0.005091581 0.411359191 0.006466403 0.911436200
32.900000 0.509098291 -0.159882382 3.027813196 0.009069201 0.414105296 0.001701580 0.910182238
32.950000 0.513511539 -0.160350785 3.030710459 0.012403456 0.416291744 0.002529775 0.909142971
33.000000 0.517976284 -0.160628304 3.033778191 0.012895254 0.419926465 0.006688477 0.907441854
33.050000 0.522259355 -0.160897747 3.036774397 0.005925911 0.424466729 0.013678486 0.905320883
33.100000 0.526373625 -0.161245421 3.039841652 -0.005486723 0.427227497 0.023547240 0.903820813
33.150000 0.530539274 -0.161442935 3.042833567 -0.014856161 0.428758442 0.033287186 0.902683496
33.200000 0.534792423 -0.161286294 3.045939445 -0.018796405 0.430101901 0.039251640 0.901730835
33.250000 0.538718700 -0.161010146 3.049079895 -0.016880725 0.428571373 0.040804349 0.902428210
33.300000 0.542992055 -0.160599217 3.052357674 -0.008540281 0.422609687 0.039835792 0.905395627
33.350000 0.547223389 -0.160435930 3.055701971 -0.000253638 0.414007187 0.040043175 0.909392416
33.400000 0.551294804 -0.160584003 3.059166670 -0.002538902 0.406964362 0.042276211 0.912461698
33.450000 0.555721939 -0.161069885 3.061966419 -0.011829344 0.402908713 0.047808826 0.913914144
33.500000 0.559782982 -0.161354005 3.065065861 -0.019535320 0.402706832 0.049203347 0.913796842
33.550000 0.564183593 -0.161668479 3.068542004 -0.023939859 0.403103024 0.043565780 0.913803518
33.600000 0.568372726 -0.161734909 3.071756840 -0.022374256 0.402032673 0.034840751 0.914688647
33.650000 0.572562277 -0.161545902 3.075314522 -0.015194397 0.402634501 0.022773661 0.914951324
33.700000 0.577100217 -0.161455214 3.078536034 -0.003434939 0.408005953 0.010623315 0.912911057
33.750000 0.581223249 -0.161450744 3.081779957 0.009699843 0.416219234 -0.000013920 0.909212589
33.800000 0.585555613 -0.161940530 3.085405827 0.023099212 0.421924293 -0.005144197 0.906322181
33.850000 0.589720488 -0.162156746 3.088397026 0.033680186 0.425219178 -0.004107285 0.904454291
33.900000 0.593407273 -0.162872687 3.091345787 0.035981875 0.428993762 -0.000992692 0.902589977
33.950000 0.597511649 -0.163590267 3.094502687 0.033325657 0.431577474 0.003285390 0.901454091
34.000000 0.601460278 -0.163765028 3.097546101 0.029737102 0.433478534 0.007817983 0.900639236
34.050000 0.605010152 -0.163754493 3.100570202 0.027765315 0.435670078 0.008850008 0.899634600
34.100000 0.609338403 -0.163445249 3.103793621 0.029136453 0.435630232 0.008177214 0.899616897
34.150000 0.613047481 -0.162838399 3.107109070 0.032566004 0.432837546 0.007347109 0.900853634
34.200000 0.616546392 -0.162815556 3.110218525 0.035445951 0.426459432 0.009369329 0.903763413
34.250000 0.621116817 -0.162658796 3.113680363 0.036641356 0.417162061 0.011334368 0.908022463
34.300000 0.625143766 -0.162718728 3.116646290 0.031793725 0.411625892 0.013157598 0.910703123
34.350000 0.628752589 -0.163303286 3.120193005 0.023970477 0.409700334 0.017527563 0.911736786
34.400000 0.632692754 -0.163362935 3.123363733 0.018888101 0.408006430 0.021877576 0.912521482
34.450000 0.636925697 -0.163228303 3.126609325 0.017790062 0.406653404 0.022091189 0.913142145
34.500000 0.640892863 -0.163137361 3.129963636 0.020396469 0.406136125 0.016894639 0.913428783
34.550000 0.645162821 -0.162561893 3.133308411 0.026176007 0.406867743 0.010436338 0.913052320
34.600000 0.649250388 -0.162425071 3.136518478 0.029132705 0.410820782 0.005214070 0.911235690
34.650000 0.653246462 -0.162246570 3.139444828 0.029084045 0.414070159 0.001469517 0.909779072
34.700000 0.657524705 -0.162182778 3.143433094 0.025927484 0.416979909 0.002202505 0.908543169
34.750000 0.661169827 -0.162582219 3.146955967 0.018994965 0.421499521 0.005284971 0.906614304
34.800000 0.665062785 -0.162863314 3.149770260 0.011374634 0.423541278 0.009563985 0.905754924
34.850000 0.669327974 -0.163060009 3.152559996 0.006807262 0.424405694 0.013208758 0.905350208
34.900000 0.673124015 -0.163102135 3.155476570 0.008192095 0.427172035 0.014400023 0.904018641
34.950000 0.677796185 -0.162916809 3.158483028 0.014272565 0.430052370 0.012605760 0.902603090
35.000000 0.681809843 -0.162600219 3.161796808 0.022788513 0.430814326 0.010315940 0.902093887
35.050000 0.686125815 -0.162379846 3.165066957 0.031182244 0.428194553 0.010165310 0.903091252
35.100000 0.689949632 -0.162752792 3.168056965 0.037363954 0.424843222 0.011811276 0.904418409
35.150000 0.693792403 -0.163016319 3.171375036 0.037490431 0.418703586 0.010932582 0.907282889
35.200000 0.697934985 -0.163441285 3.174463511 0.031859383 0.413238198 0.008783721 0.910023093
35.250000 0.701932013 -0.163690686 3.177744150 0.022989092 0.410582513 0.008804862 0.911491096
35.300000 0.705283999 -0.164162576 3.180729866 0.014086792 0.409293383 0.010716377 0.912231147
35.350000 0.709398925 -0.164128661 3.184042215 0.010685020 0.407123715 0.012486186 0.913225174
35.400000 0.713273942 -0.164007470 3.187187195 0.012234759 0.403925508 0.009612992 0.914659560
35.450000 0.717103481 -0.163524002 3.190387726 0.016436027 0.403365076 0.004451040 0.914880753
35.500000 0.721366465 -0.163229153 3.193719625 0.017924247 0.406580627 -0.001597994 0.913437724
35.550000 0.725003362 -0.163256809 3.196673632 0.016420292 0.408701181 -0.006665006 0.912496269
35.600000 0.729077101 -0.163373336 3.199534178 0.013111973 0.410918951 -0.004978163 0.911563993
35.650000 0.733359814 -0.163759097 3.203212261 0.005470871 0.414929211 -0.000134971 0.909837306
35.700000 0.736956418 -0.164175913 3.206392288 -0.001546031 0.418011606 0.004716727 0.908428133
35.750000 0.740893006 -0.164597049 3.209465742 -0.002046402 0.420256972 0.006740096 0.907377899
35.800000 0.745439053 -0.164312258 3.212749958 0.006892288 0.422153175 0.004279288 0.906488240
35.850000 0.749476254 -0.164283842 3.215937614 0.018894758 0.423533738 -0.001201907 0.905682504
35.900000 0.753668904 -0.164071739 3.219134331 0.029669052 0.421693414 -0.008106036 0.906216741
35.950000 0.757851422 -0.163820386 3.223155737 0.037334792 0.417141914 -0.012802211 0.907983959
36.000000 0.761820197 -0.163836390 3.226339579 0.043115575 0.407669067 -0.010202846 0.912054300
36.050000 0.765843809 -0.164110273 3.229015589 0.043286171 0.398984075 -0.006107322 0.915915251
36.100000 0.769943833 -0.164358929 3.232946873 0.039337661 0.394708246 -0.000547343 0.917963922
36.150000 0.773840666 -0.164933175 3.235860109 0.034119215 0.392981380 0.004560946 0.918901980
36.200000 0.777602911 -0.165213510 3.239064217 0.030354671 0.393568128 0.006002209 0.918774605
36.250000 0.781657577 -0.165155828 3.242561340 0.029840071 0.394715399 0.003873100 0.918310583
36.300000 0.785501719 -0.165210843 3.245973110 0.031735405 0.396697849 -0.002613032 0.917396843
36.350000 0.789929807 -0.164850593 3.248760223 0.034953568 0.399254411 -0.008816786 0.916131258
36.400000 0.793946385 -0.164649397 3.252644539 0.036681600 0.404015243 -0.015959909 0.913877130
36.450000 0.797855735 -0.164788619 3.255577564 0.035387225 0.408653587 -0.020546032 0.911771894
36.500000 0.802114487 -0.164805263 3.258808851 0.026794482 0.415388316 -0.019722691 0.909035563
36.550000 0.805724800 -0.164868951 3.261605501 0.012614602 0.420035154 -0.014585628 0.907302976
36.600000 0.809288859 -0.165113151 3.264289379 0.000173149 0.420630127 -0.006895318 0.907206059
36.650000 0.813528895 -0.164963782 3.267572403 -0.005314676 0.418565422 -0.000577672 0.908170938
36.700000 0.817390501 -0.164845988 3.270909071 -0.002070172 0.417738229 0.001787182 0.908563316
36.750000 0.821458101 -0.164599568 3.274240494 0.008005093 0.417660087 0.001201357 0.908567369
36.800000 0.825694978 -0.164369285 3.277192831 0.020780426 0.414939463 0.001098862 0.909611046
36.850000 0.829546690 -0.164583877 3.280378342 0.029324403 0.410149425 0.001200482 0.911545992
36.900000 0.833654463 -0.164598048 3.283697128 0.028561171 0.404455870 0.000416256 0.914111376
36.950000 0.837446868 -0.164982349 3.286905766 0.018607648 0.400058985 0.001147319 0.916299820
37.000000 0.841168106 -0.165348694 3.289793968 0.005759225 0.397450686 0.004377748 0.917595029
37.050000 0.844776392 -0.165405557 3.292940378 -0.003738911 0.397249460 0.008891473 0.917660058
37.100000 0.848586082 -0.165576518 3.296009064 -0.006864122 0.398908287 0.011458484 0.916893601
37.150000 0.852696657 -0.165288642 3.299142599 -0.003421179 0.401375920 0.010753687 0.915843904
37.200000 0.856661677 -0.164886862 3.302543640 0.001625149 0.406824112 0.005245232 0.913490057
37.250000 0.860700488 -0.164687902 3.305417538 0.006211857 0.414238065 -0.000816465 0.910147011
37.300000 0.864471257 -0.164576322 3.308299065 0.007644144 0.421827912 -0.002174729 0.906641066
37.350000 0.868076622 -0.165136784 3.310997725 0.004915648 0.430333555 0.003575693 0.902649522
37.400000 0.871673405 -0.165693432 3.313489437 -0.001506051 0.438917249 0.010377569 0.898466289
37.450000 0.875286698 -0.166017860 3.316634893 -0.007877643 0.444510430 0.015470295 0.895605445
37.500000 0.878834903 -0.166345999 3.319040775 -0.008714647 0.447872758 0.020099690 0.893828869
37.550000 0.882486463 -0.166474998 3.321857452 -0.002716138 0.453480005 0.022131065 0.890987515
37.600000 0.886822879 -0.165774703 3.325119495 0.009018391 0.459946215 0.021133564 0.887649417
37.650000 0.890604734 -0.165643245 3.327890873 0.021440845 0.463758796 0.018892691 0.885500550
37.700000 0.894491553 -0.165136442 3.331020117 0.030833920 0.464168519 0.017117141 0.885044575
37.750000 0.898319542 -0.165127575 3.333641052 0.034486871 0.463528842 0.016437203 0.885257840
37.800000 0.901901484 -0.165547833 3.337252140 0.032223891 0.464371741 0.016977318 0.884891152
37.850000 0.905261755 -0.165738553 3.339396715 0.025544707 0.465273738 0.021004081 0.884548903
37.900000 0.908827841 -0.166461870 3.342072487 0.015607784 0.467262506 0.026414862 0.883586109
37.950000 0.912191749 -0.166618079 3.344949007 0.008968742 0.468694061 0.029152120 0.882833898
38.000000 0.915660024 -0.166945815 3.347751141 0.009935574 0.468798637 0.027418712 0.882823527
38.050000 0.919324756 -0.166799173 3.350570440 0.018225618 0.469584346 0.021041200 0.882448673
38.100000 0.922795355 -0.166639104 3.354382992 0.028342431 0.474338353 0.012468382 0.879797935
38.150000 0.926985145 -0.166141108 3.356635094 0.036964290 0.482303768 0.007347122 0.875193000
38.200000 0.930821359 -0.166125998 3.359609604 0.041385580 0.491407782 0.006775178 0.869919360
38.250000 0.933948398 -0.166584164 3.361749172 0.041488070 0.498964041 0.009509037 0.865576804
38.300000 0.937073708 -0.166627616 3.364167690 0.039087169 0.507419586 0.013259093 0.860710025
38.350000 0.941161156 -0.166945964 3.367666721 0.033412654 0.514040172 0.018431753 0.856916964
38.400000 0.944312751 -0.167485043 3.370720863 0.027838148 0.517541409 0.024140771 0.854864419
38.450000 0.947516024 -0.167322055 3.372310400 0.027498353 0.521349847 0.025561078 0.852516711
38.500000 0.950966179 -0.167510688 3.374579906 0.031776946 0.528087080 0.021981485 0.848310709
38.550000 0.954416454 -0.167049497 3.377122402 0.041035797 0.534306884 0.014965468 0.844161332
38.600000 0.957740963 -0.166735932 3.379171371 0.052389223 0.536432981 0.007984167 0.842277467
38.650000 0.961163104 -0.166273370 3.381201744 0.062093426 0.535601735 0.000682215 0.842184484
38.700000 0.964342415 -0.166025147 3.382729530 0.069408625 0.533715725 -0.005286165 0.842794240
38.750000 0.967289984 -0.165986300 3.384536982 0.071671516 0.535438657 -0.010218651 0.841465592
38.800000 0.970307529 -0.166097879 3.386952162 0.069369256 0.541191757 -0.010038507 0.837972999
38.850000 0.972623169 -0.166432649 3.388197899 0.059763160 0.548964977 -0.004805803 0.833692312
38.900000 0.975701094 -0.166586399 3.390009880 0.046940628 0.557868183 0.001876163 0.828598917
38.950000 0.978151143 -0.166845411 3.391283035 0.034946360 0.568601549 0.004194867 0.821859717
39.000000 0.980580926 -0.166789383 3.392421961 0.029082391 0.582115054 0.001255859 0.812585235
39.050000 0.983493924 -0.166586846 3.394162655 0.030754747 0.601556778 -0.003966675 0.798228025
39.100000 0.985797882 -0.166144237 3.394703865 0.035824314 0.626955926 -0.009232921 0.778175831
39.150000 0.988286853 -0.165968388 3.395481586 0.041871276 0.657048643 -0.010819446 0.752606690
39.200000 0.990704298 -0.165456772 3.396015406 0.047107413 0.689494908 -0.007424142 0.722718954
39.250000 0.993665218 -0.165924221 3.396351814 0.048524551 0.721807778 0.001706878 0.690388322
39.300000 0.995183468 -0.165591896 3.396170139 0.046326306 0.750904739 0.012521281 0.658664763
39.350000 0.997001648 -0.165777490 3.396315575 0.039678980 0.775855780 0.025722796 0.629135787
39.400000 0.998122454 -0.165730372 3.396147490 0.033232767 0.796682358 0.036371630 0.602386892
39.450000 0.998897314 -0.166192412 3.395463705 0.027783481 0.816074908 0.042367920 0.575721145
39.500000 1.000312328 -0.166554302 3.394585133 0.026365660 0.836866677 0.045470130 0.544877529
39.550000 1.001132011 -0.166669428 3.393914223 0.028727835 0.859276056 0.045237269 0.508697450
39.600000 1.002022266 -0.166736066 3.393431187 0.031216428 0.878896892 0.044217203 0.473931104
39.650000 1.002412319 -0.166815192 3.393193483 0.030941136 0.895555437 0.046234537 0.441458404
39.700000 1.003247738 -0.167007536 3.392377853 0.029660543 0.910150290 0.049482036 0.410241663
39.750000 1.003555298 -0.167103335 3.392031908 0.027747564 0.923890948 0.051601693 0.378144085
39.750000 1.003555298 -0.167103335 3.392031908 0.027747564 0.923890948 0.051601693 0.378144085
39.750000 1.003555298 -0.167103335 3.392031908 0.027747564 0.923890948 0.051601693 0.378144085
39.750000 1.003555298 -0.167103335 3.392031908 0.027747564 0.923890948 0.051601693 0.378144085
39.750000 1.003555298 -0.167103335 3.392031908 0.027747564 0.923890948 0.051601693 0.378144085
39.750000 1.003555298 -0.167103335 3.392031908 0.027747564 0.923890948 0.051601693 0.378144085
39.750000 1.003555298 -0.167103335 3.392031908 0.027747564 0.923890948 0.051601693 0.378144085
39.750000 1.003555298 -0.167103335 3.392031908 0.027747564 0.923890948 0.051601693 0.378144085
39.750000 1.003555298 -0.167103335 3.392031908 0.027747564 0.923890948 0.051601693 0.378144085
39.750000 1.003555298 -0.167103335 3.392031908 0.027747564 0.923890948 0.051601693 0.378144085
39.750000 1.003555298 -0.167103335 3.392031908 0.027747564 0.923890948 0.051601693 0.378144085
39.750000 1.003555298 -0.167103335 3.392031908 0.027747564 0.923890948 0.051601693 0.378144085
39.750000 1.003555298 -0.167103335 3.392031908 0.027747564 0.923890948 0.051601693 0.378144085
39.750000 1.003555298 -0.167103335 3.392031908 0.027747564 0.923890948 0.051601693 0.378144085
39.750000 1.003555298 -0.167103335 3.392031908 0.027747564 0.923890948 0.051601693 0.378144085
39.750000 1.003555298 -0.167103335 3.392031908 0.027747564 0.923890948 0.051601693 0.378144085
39.750000 1.003555298 -0.167103335 3.392031908 0.027747564 0.923890948 0.051601693 0.378144085
39.750000 1.003555298 -0.167103335 3.392031908 0.027747564 0.923890948 0.051601693 0.378144085
39.750000 1.003555298 -0.167103335 3.392031908 0.027747564 0.923890948 0.051601693 0.378144085
39.750000 1.003555298 -0.167103335 3.392031908 0.027747564 0.923890948 0.051601693 0.378144085
39.750000 1.003555298 -0.167103335 3.392031908 0.027747564 0.923890948 0.051601693 0.378144085
39.750000 1.003555298 -0.167103335 3.392031908 0.027747564 0.923890948 0.051601693 0.378144085
39.750000 1.003555298 -0.167103335 3.392031908 0.027747564 0.923890948 0.051601693 0.378144085
39.750000 1.003555298 -0.167103335 3.392031908 0.027747564 0.923890948 0.051601693 0.378144085
39.750000 1.003555298 -0.167103335 3.392031908 0.027747564 0.923890948 0.051601693 0.378144085
39.750000 1.003555298 -0.167103335 3.392031908 0.027747564 0.923890948 0.051601693 0.378144085
39.750000 1.003555298 -0.167103335 3.392031908 0.027747564 0.923890948 0.051601693 0.378144085
39.750000 1.003555298 -0.167103335 3.392031908 0.027747564 0.923890948 0.051601693 0.378144085
39.750000 1.003555298 -0.167103335 3.392031908 0.027747564 0.923890948 0.051601693 0.378144085
39.750000 1.003555298 -0.167103335 3.392031908 0.027747564 0.923890948 0.051601693 0.378144085
39.750000 1.003555298 -0.167103335 3.392031908 0.027747564 0.923890948 0.051601693 0.378144085
39.750000 1.003555298 -0.167103335 3.392031908 0.027747564 0.923890948 0.051601693 0.378144085
39.750000 1.003555298 -0.167103335 3.392031908 0.027747564 0.923890948 0.051601693 0.378144085
39.750000 1.003555298 -0.167103335 3.392031908 0.027747564 0.923890948 0.051601693 0.378144085
39.750000 1.003555298 -0.167103335 3.392031908 0.027747564 0.923890948 0.051601693 0.378144085
39.750000 1.003555298 -0.167103335 3.392031908 0.027747564 0.923890948 0.051601693 0.378144085
39.750000 1.003555298 -0.167103335 3.392031908 0.027747564 0.923890948 0.051601693 0.378144085
39.750000 1.003555298 -0.167103335 3.392031908 0.027747564 0.923890948 0.051601693 0.378144085
39.750000 1.003555298 -0.167103335 3.392031908 0.027747564 0.923890948 0.051601693 0.378144085
39.750000 1.003555298 -0.167103335 3.392031908 0.027747564 0.923890948 0.051601693 0.378144085
39.750000 1.003555298 -0.167103335 3.392031908 0.027747564 0.923890948 0.051601693 0.378144085
39.750000 1.003555298 -0.167103335 3.392031908 0.027747564 0.923890948 0.051601693 0.378144085
39.750000 1.003555298 -0.167103335 3.392031908 0.027747564 0.923890948 0.051601693 0.378144085
39.750000 1.003555298 -0.167103335 3.392031908 0.027747564 0.923890948 0.051601693 0.378144085
39.750000 1.003555298 -0.167103335 3.392031908 0.027747564 0.923890948 0.051601693 0.378144085
39.750000 1.003555298 -0.167103335 3.392031908 0.027747564 0.923890948 0.051601693 0.378144085
39.750000 1.003555298 -0.167103335 3.392031908 0.027747564 0.923890948 0.051601693 0.378144085
39.750000 1.003555298 -0.167103335 3.392031908 0.027747564 0.923890948 0.051601693 0.378144085
39.750000 1.003555298 -0.167103335 3.392031908 0.027747564 0.923890948 0.051601693 0.378144085
39.750000 1.003555298 -0.167103335 3.392031908 0.027747564 0.923890948 0.051601693 0.378144085
39.750000 1.003555298 -0.167103335 3.392031908 0.027747564 0.923890948 0.051601693 0.378144085
39.750000 1.003555298 -0.167103335 3.392031908 0.027747564 0.923890948 0.051601693 0.378144085
42.350000 0.995871544 -0.169158116 3.408445835 0.027032340 0.258562565 0.002600344 0.965612710
42.400000 0.997216225 -0.168560371 3.409971952 0.031360593 0.280341089 -0.002163661 0.959385574
42.450000 0.998218954 -0.168970779 3.408823013 0.032197043 0.297454745 -0.006979284 0.954167366
42.500000 0.999627948 -0.168752894 3.410646915 0.031439696 0.315817565 -0.012059530 0.948222280
42.550000 0.999896884 -0.168701530 3.409087896 0.029134763 0.331957489 -0.015685000 0.942713857
42.600000 1.000824690 -0.169186458 3.408566952 0.023663741 0.347693950 -0.016484499 0.937164426
42.650000 1.002044082 -0.168432623 3.409826517 0.018227115 0.362474829 -0.014155555 0.931707859
42.700000 1.003466368 -0.168043524 3.410256386 0.013202620 0.375728071 -0.012864294 0.926546633
42.750000 1.003914952 -0.167943418 3.410140514 0.008014181 0.386364222 -0.011968398 0.922233880
42.800000 1.004989862 -0.167510539 3.410652161 0.000368360 0.395021707 -0.009918571 0.918618202
42.850000 1.006729245 -0.167241275 3.412103891 -0.009355922 0.403221190 -0.005314188 0.915039361
42.900000 1.007389545 -0.166757405 3.412696838 -0.018392291 0.409844309 0.001089978 0.911969423
42.950000 1.008869648 -0.166242585 3.413840294 -0.024407171 0.414804012 0.005847507 0.909564674
43.000000 1.010127544 -0.165679172 3.415125370 -0.025781168 0.419240922 0.007225219 0.907480180
43.050000 1.013056278 -0.164993048 3.416967392 -0.025455760 0.422351569 0.005602977 0.906057298
43.100000 1.015617371 -0.164519161 3.419175148 -0.026019912 0.425231040 0.004558596 0.904699266
43.150000 1.017286181 -0.163915932 3.420105457 -0.025889209 0.425972611 0.006467972 0.904342473
43.200000 1.019625068 -0.163509756 3.422014713 -0.025911720 0.425683737 0.009668459 0.904449284
43.250000 1.023261666 -0.163008720 3.424550533 -0.027764944 0.423040599 0.013865193 0.905579150
43.300000 1.026484609 -0.163116291 3.425683498 -0.034937024 0.416828454 0.019098936 0.908112705
43.350000 1.028549671 -0.163812727 3.429189444 -0.046470974 0.411380589 0.023958933 0.909962893
43.400000 1.032130837 -0.164706305 3.432867050 -0.057408243 0.402534485 0.029029055 0.913141668
43.450000 1.034817934 -0.165227368 3.436119080 -0.065869294 0.393275708 0.033603188 0.916442275
43.500000 1.038133621 -0.164454550 3.437599421 -0.067802995 0.385069251 0.036402021 0.919673502
43.550000 1.041714191 -0.164422259 3.440460682 -0.065110967 0.380797446 0.036100972 0.921656489
43.600000 1.045143366 -0.164377034 3.444073200 -0.059939146 0.381486684 0.033828668 0.921808481
43.650000 1.049185991 -0.163954183 3.446626663 -0.051664099 0.383467168 0.031369783 0.921574593
43.700000 1.052829146 -0.164071903 3.450281143 -0.044495773 0.389936596 0.028919283 0.919311285
43.750000 1.056860685 -0.164187253 3.453552008 -0.041125804 0.396059811 0.025534863 0.916947842
43.800000 1.060908318 -0.164615065 3.456965446 -0.041417073 0.403908014 0.024752438 0.913526297
43.850000 1.064611316 -0.164818197 3.460025311 -0.040794287 0.411307335 0.028318830 0.910143018
43.900000 1.068768620 -0.165636271 3.463027239 -0.041403223 0.415475011 0.032319788 0.908086896
43.950000 1.072827101 -0.166005701 3.466198921 -0.038641937 0.418443799 0.034763340 0.906754255
44.000000 1.077067137 -0.166370988 3.469156981 -0.032203414 0.420966417 0.035344761 0.905815125
44.050000 1.081235409 -0.166181326 3.472012281 -0.023382738 0.423842162 0.031754635 0.904877186
44.100000 1.085456491 -0.165800720 3.473842144 -0.012714109 0.423832804 0.026406121 0.905266166
44.150000 1.090051174 -0.165741622 3.478671551 -0.003143690 0.420574397 0.021952219 0.906987011
44.200000 1.094208717 -0.165936738 3.481495619 0.001416244 0.412346184 0.020981330 0.910784543
44.250000 1.098107576 -0.166051254 3.484624863 -0.001889457 0.403080910 0.020731429 0.914927542
44.300000 1.101766586 -0.166831627 3.488433599 -0.013160946 0.397620708 0.018770928 0.917263448
44.350000 1.105848908 -0.166732192 3.490818024 -0.022370735 0.391214669 0.019827545 0.919813871
44.400000 1.109813929 -0.166602552 3.494256973 -0.028930124 0.387830317 0.021476371 0.921026289
44.450000 1.113833547 -0.166581944 3.498045206 -0.031489182 0.387316287 0.021107571 0.921167195
44.500000 1.117851496 -0.166349694 3.501758337 -0.027730150 0.387626708 0.017014481 0.921242177
44.550000 1.122097969 -0.165831178 3.504657745 -0.019100862 0.389215499 0.010295924 0.920891106
44.600000 1.126204729 -0.165718749 3.508404255 -0.012404772 0.393578380 0.002318126 0.919204473
44.650000 1.130348682 -0.165923879 3.511812687 -0.009751652 0.397640795 -0.000248901 0.917489350
44.700000 1.134513378 -0.166285411 3.514815569 -0.015118337 0.400068164 0.003637778 0.916353464
44.750000 1.138555527 -0.166555732 3.518122196 -0.025229732 0.400206923 0.011475181 0.916005611
44.800000 1.143096447 -0.167031303 3.521545649 -0.033794921 0.398921937 0.016381439 0.916215539
44.850000 1.147088766 -0.167485237 3.524522305 -0.034376193 0.400376797 0.015660984 0.915571630
44.900000 1.151666403 -0.167109922 3.527702332 -0.024817919 0.404405653 0.011737989 0.914167643
44.950000 1.156126976 -0.167038500 3.531207561 -0.012577505 0.409729689 0.005550355 0.912103415
45.000000 1.160821915 -0.166597039 3.534329891 -0.001243386 0.411452442 0.002411509 0.911427200
45.050000 1.165472031 -0.166318536 3.537707090 0.004983895 0.412006110 0.004361251 0.911157072
45.100000 1.169797659 -0.166228890 3.541088581 0.005589597 0.410839587 0.012587719 0.911603630
45.150000 1.174041510 -0.166704103 3.544135332 -0.003238667 0.408545226 0.018840037 0.912537932
45.200000 1.178212166 -0.167399943 3.547314644 -0.017704559 0.408467501 0.021542728 0.912346900
45.250000 1.182425261 -0.167727858 3.550892591 -0.027765037 0.406858504 0.022250114 0.912798047
45.300000 1.187023282 -0.167668551 3.553880692 -0.029031705 0.403524488 0.018654928 0.914317846
45.350000 1.191364884 -0.167814702 3.557167530 -0.022243453 0.402782798 0.010890493 0.914960504
45.400000 1.196148157 -0.167161629 3.559784174 -0.008383159 0.401716024 0.000931173 0.915725529
45.450000 1.200896502 -0.167261243 3.564778805 0.003384418 0.405427903 -0.010549118 0.914059937
45.500000 1.205185175 -0.167289704 3.568513870 0.011442637 0.409484148 -0.021462345 0.911993027
45.550000 1.209911346 -0.167898923 3.571107864 0.015450314 0.412731737 -0.026553556 0.910334468
45.600000 1.214410305 -0.168623716 3.574771404 0.015699929 0.418458015 -0.021642745 0.907842577
45.650000 1.218652129 -0.168930605 3.577880621 0.012614688 0.421929955 -0.011111006 0.906472623
45.700000 1.223042250 -0.169267952 3.581293583 0.009694818 0.422980160 -0.000861366 0.906086743
45.750000 1.227455497 -0.169193804 3.583884478 0.009693029 0.421913475 0.006087456 0.906563878
45.800000 1.231658459 -0.169199914 3.587522745 0.012988294 0.421131045 0.009215458 0.906860054
45.850000 1.235912561 -0.168890283 3.590636730 0.019339969 0.417705655 0.010562510 0.908315182
45.900000 1.240423203 -0.168622896 3.593833685 0.024760362 0.411883622 0.011600707 0.910826206
45.950000 1.244680047 -0.168764517 3.597658634 0.028967978 0.400745332 0.013161792 0.915636837
46.000000 1.248756409 -0.169321135 3.601213932 0.027186256 0.390086889 0.012160181 0.920296371
46.050000 1.253087521 -0.169980422 3.604476690 0.020260977 0.386073947 0.012857898 0.922155738
46.100000 1.257350445 -0.170519099 3.606976509 0.013117580 0.388182044 0.015211033 0.921363890
46.150000 1.261994123 -0.170341820 3.610218525 0.008799905 0.391384721 0.017710373 0.920014679
46.200000 1.266177416 -0.170445487 3.614495039 0.006885348 0.395088583 0.017337894 0.918453693
46.250000 1.270761847 -0.169941321 3.617375374 0.009046660 0.397618860 0.012961531 0.917414606
46.300000 1.275452614 -0.169761941 3.620930672 0.010869578 0.402046263 0.004562304 0.915543497
46.350000 1.279757023 -0.169649616 3.624166012 0.013117144 0.405773550 -0.003653688 0.913872242
46.400000 1.284280777 -0.170114025 3.627436638 0.014592559 0.409978032 -0.008133789 0.911942422
46.450000 1.288924217 -0.170406193 3.629524469 0.013084946 0.414412141 -0.007346684 0.909965634
46.500000 1.292878151 -0.170907781 3.633920193 0.009725280 0.419701427 -0.001537044 0.907608867
46.550000 1.297224522 -0.171288311 3.637020826 0.008498435 0.421816617 0.003899685 0.906632960
46.600000 1.301734090 -0.170771450 3.640242577 0.012402392 0.423886597 0.005366418 0.905614495
46.650000 1.306107044 -0.170882985 3.643376589 0.019136302 0.424748003 0.004238573 0.905099452
46.700000 1.310164452 -0.170910135 3.647222042 0.027115004 0.422459155 0.001896771 0.905974329
46.750000 1.314164162 -0.170981362 3.650826454 0.035024166 0.417262942 0.001492364 0.908109426
46.800000 1.318588495 -0.170736805 3.654142857 0.042434268 0.408184618 0.002402084 0.911909521
46.850000 1.322712421 -0.171241060 3.657114029 0.041864038 0.398478687 0.001530949 0.916220427
46.900000 1.326410770 -0.171878859 3.660058975 0.034349766 0.391370326 0.001781435 0.919590294
46.950000 1.330426216 -0.172470376 3.663481236 0.025448002 0.387472838 0.003529543 0.921523154
47.000000 1.334270000 -0.172274038 3.666820526 0.020806009 0.384986430 0.005200443 0.922673047
47.050000 1.338034391 -0.172036454 3.670469761 0.020398259 0.383490354 0.004259012 0.923309803
47.100000 1.342049599 -0.171865463 3.673449993 0.024112714 0.383244127 0.000938126 0.923331857
47.150000 1.346022844 -0.171437323 3.677471638 0.030301254 0.390047640 -0.004003817 0.920287311
47.200000 1.349889517 -0.171051562 3.680483341 0.037369262 0.399143130 -0.008428087 0.916088104
47.250000 1.353990793 -0.171068743 3.683686972 0.041793384 0.408185422 -0.008828475 0.911899209
47.300000 1.357644081 -0.171807349 3.686909437 0.039073601 0.417640090 -0.005168113 0.907757282
47.350000 1.361757755 -0.171864569 3.689769268 0.031079374 0.425178468 0.000510608 0.904575646
47.400000 1.365700245 -0.171889201 3.692762852 0.021026099 0.429785967 0.007464472 0.902655065
47.450000 1.369286537 -0.172346085 3.695660353 0.013289166 0.434792191 0.013934711 0.900324941
47.500000 1.373131990 -0.172298521 3.698030949 0.011115814 0.440451801 0.015984092 0.897565186
47.550000 1.377723098 -0.171578661 3.700672150 0.016296977 0.443936139 0.013936081 0.895801842
47.600000 1.381820202 -0.171300218 3.703722954 0.023966318 0.444809884 0.009632989 0.895252526
47.650000 1.385553122 -0.171003580 3.707046509 0.033866595 0.442578554 0.005570994 0.896072686
47.700000 1.389358044 -0.170793027 3.709774017 0.042561341 0.436981738 0.002835826 0.898458362
47.750000 1.393467546 -0.171237305 3.712122440 0.044143662 0.431837618 0.000631769 0.900870323
47.800000 1.397094727 -0.171989202 3.715183020 0.040329024 0.428331912 0.000783051 0.902720749
47.850000 1.400674820 -0.172555238 3.717804432 0.034768093 0.424088687 0.002606939 0.904949307
47.900000 1.403946400 -0.172792196 3.720881224 0.029769750 0.420200199 0.003369265 0.906936705
47.950000 1.407727957 -0.172501013 3.723415852 0.028469518 0.413411021 0.001388286 0.910098314
48.000000 1.410890460 -0.172218472 3.726425648 0.030399041 0.408845127 -0.005118710 0.912083030
48.050000 1.415021062 -0.171654969 3.728452682 0.035358135 0.405359209 -0.012250377 0.913391352
48.100000 1.418047428 -0.171200648 3.732069731 0.041141350 0.407036006 -0.017475583 0.912317753
48.150000 1.421491861 -0.170653567 3.734781265 0.046961460 0.405283064 -0.017226003 0.912821770
48.200000 1.424282074 -0.171076715 3.736707211 0.047671463 0.402630091 -0.011500154 0.914048314
48.250000 1.427551508 -0.171097875 3.739638329 0.044075470 0.399124801 -0.003860312 0.915828526
48.300000 1.430268168 -0.171327114 3.741754532 0.037638888 0.392753035 0.000778197 0.918873191
48.350000 1.432870388 -0.171566427 3.743743420 0.035083313 0.383580714 0.002830107 0.922836423
48.400000 1.435258269 -0.171675876 3.746214867 0.036906980 0.373788446 0.000189162 0.926779449
48.450000 1.437497139 -0.171273798 3.749220848 0.042838991 0.361029148 -0.006644381 0.931546450
48.500000 1.439763665 -0.171137601 3.750773191 0.049225021 0.339787722 -0.014921512 0.939094543
48.550000 1.441835880 -0.171500340 3.752844095 0.054440562 0.312479496 -0.021182342 0.948126614
48.600000 1.443005085 -0.171500444 3.755223751 0.058972284 0.281584740 -0.024643326 0.957405388
48.650000 1.445117474 -0.171340436 3.756889343 0.061442368 0.243769810 -0.025754286 0.967542171
48.700000 1.446113586 -0.171798274 3.758661747 0.061099444 0.205648243 -0.026496269 0.976357341
48.750000 1.446909428 -0.171797633 3.760667562 0.060869038 0.167028382 -0.025555994 0.983739495
48.800000 1.446896911 -0.171842694 3.762770176 0.056150682 0.131587282 -0.023856880 0.989425540
48.850000 1.447489023 -0.172078952 3.764024734 0.047393348 0.096692607 -0.021017585 0.993963122
48.900000 1.447532058 -0.172399029 3.765222549 0.039482549 0.064229660 -0.019409951 0.996964872
48.950000 1.447155595 -0.172292888 3.766226292 0.036772862 0.033861034 -0.018253034 0.998583019
49.000000 1.446727633 -0.172194913 3.767665625 0.038073149 0.006696500 -0.017116385 0.999105930
49.050000 1.446362257 -0.172157466 3.768410683 0.042106133 -0.019338805 -0.014413272 0.998822033
49.100000 1.445591927 -0.172150239 3.769372702 0.045773890 -0.045288831 -0.009147738 0.997882783
49.150000 1.444824457 -0.172413424 3.769993782 0.045725502 -0.076334231 -0.002994229 0.996028841
49.200000 1.443886518 -0.172434479 3.770579576 0.044067550 -0.109523408 -0.000526474 0.993006766
49.250000 1.442666531 -0.172535717 3.770780087 0.042504154 -0.144155756 -0.002652590 0.988638222
49.300000 1.441568136 -0.172628224 3.771137714 0.044938568 -0.184522122 -0.007626076 0.981770813
49.350000 1.440778375 -0.173232228 3.771044016 0.048833385 -0.231611997 -0.013859564 0.971482933
49.400000 1.440268040 -0.173422828 3.770820618 0.057285093 -0.283946365 -0.017913798 0.956959784
49.450000 1.445633173 -0.182135671 3.757297754 0.021276509 -0.311438829 -0.076316044 0.946957827
49.450000 1.445633173 -0.182135671 3.757297754 0.021276509 -0.311438829 -0.076316044 0.946957827
49.450000 1.445633173 -0.182135671 3.757297754 0.021276509 -0.311438829 -0.076316044 0.946957827
49.450000 1.445633173 -0.182135671 3.757297754 0.021276509 -0.311438829 -0.076316044 0.946957827
49.450000 1.445633173 -0.182135671 3.757297754 0.021276509 -0.311438829 -0.076316044 0.946957827
49.450000 1.445633173 -0.182135671 3.757297754 0.021276509 -0.311438829 -0.076316044 0.946957827
49.450000 1.445633173 -0.182135671 3.757297754 0.021276509 -0.311438829 -0.076316044 0.946957827
49.450000 1.445633173 -0.182135671 3.757297754 0.021276509 -0.311438829 -0.076316044 0.946957827
49.450000 1.445633173 -0.182135671 3.757297754 0.021276509 -0.311438829 -0.076316044 0.946957827
49.450000 1.445633173 -0.182135671 3.757297754 0.021276509 -0.311438829 -0.076316044 0.946957827
49.450000 1.445633173 -0.182135671 3.757297754 0.021276509 -0.311438829 -0.076316044 0.946957827
49.450000 1.445633173 -0.182135671 3.757297754 0.021276509 -0.311438829 -0.076316044 0.946957827
49.450000 1.445633173 -0.182135671 3.757297754 0.021276509 -0.311438829 -0.076316044 0.946957827
49.450000 1.445633173 -0.182135671 3.757297754 0.021276509 -0.311438829 -0.076316044 0.946957827
49.450000 1.445633173 -0.182135671 3.757297754 0.021276509 -0.311438829 -0.076316044 0.946957827
49.450000 1.445633173 -0.182135671 3.757297754 0.021276509 -0.311438829 -0.076316044 0.946957827
49.450000 1.445633173 -0.182135671 3.757297754 0.021276509 -0.311438829 -0.076316044 0.946957827
49.450000 1.445633173 -0.182135671 3.757297754 0.021276509 -0.311438829 -0.076316044 0.946957827
49.450000 1.445633173 -0.182135671 3.757297754 0.021276509 -0.311438829 -0.076316044 0.946957827
49.450000 1.445633173 -0.182135671 3.757297754 0.021276509 -0.311438829 -0.076316044 0.946957827
49.450000 1.445633173 -0.182135671 3.757297754 0.021276509 -0.311438829 -0.076316044 0.946957827
49.450000 1.445633173 -0.182135671 3.757297754 0.021276509 -0.311438829 -0.076316044 0.946957827
49.450000 1.445633173 -0.182135671 3.757297754 0.021276509 -0.311438829 -0.076316044 0.946957827
49.450000 1.445633173 -0.182135671 3.757297754 0.021276509 -0.311438829 -0.076316044 0.946957827
49.450000 1.445633173 -0.182135671 3.757297754 0.021276509 -0.311438829 -0.076316044 0.946957827
49.450000 1.445633173 -0.182135671 3.757297754 0.021276509 -0.311438829 -0.076316044 0.946957827
49.450000 1.445633173 -0.182135671 3.757297754 0.021276509 -0.311438829 -0.076316044 0.946957827
49.450000 1.445633173 -0.182135671 3.757297754 0.021276509 -0.311438829 -0.076316044 0.946957827
49.450000 1.445633173 -0.182135671 3.757297754 0.021276509 -0.311438829 -0.076316044 0.946957827
49.450000 1.445633173 -0.182135671 3.757297754 0.021276509 -0.311438829 -0.076316044 0.946957827
49.450000 1.445633173 -0.182135671 3.757297754 0.021276509 -0.311438829 -0.076316044 0.946957827
49.450000 1.445633173 -0.182135671 3.757297754 0.021276509 -0.311438829 -0.076316044 0.946957827
49.450000 1.445633173 -0.182135671 3.757297754 0.021276509 -0.311438829 -0.076316044 0.946957827
49.450000 1.445633173 -0.182135671 3.757297754 0.021276509 -0.311438829 -0.076316044 0.946957827
49.450000 1.445633173 -0.182135671 3.757297754 0.021276509 -0.311438829 -0.076316044 0.946957827
49.450000 1.445633173 -0.182135671 3.757297754 0.021276509 -0.311438829 -0.076316044 0.946957827
49.450000 1.445633173 -0.182135671 3.757297754 0.021276509 -0.311438829 -0.076316044 0.946957827
49.450000 1.445633173 -0.182135671 3.757297754 0.021276509 -0.311438829 -0.076316044 0.946957827
49.450000 1.445633173 -0.182135671 3.757297754 0.021276509 -0.311438829 -0.076316044 0.946957827
49.450000 1.445633173 -0.182135671 3.757297754 0.021276509 -0.311438829 -0.076316044 0.946957827
49.450000 1.445633173 -0.182135671 3.757297754 0.021276509 -0.311438829 -0.076316044 0.946957827
49.450000 1.445633173 -0.182135671 3.757297754 0.021276509 -0.311438829 -0.076316044 0.946957827
49.450000 1.445633173 -0.182135671 3.757297754 0.021276509 -0.311438829 -0.076316044 0.946957827
49.450000 1.445633173 -0.182135671 3.757297754 0.021276509 -0.311438829 -0.076316044 0.946957827
49.450000 1.445633173 -0.182135671 3.757297754 0.021276509 -0.311438829 -0.076316044 0.946957827
49.450000 1.445633173 -0.182135671 3.757297754 0.021276509 -0.311438829 -0.076316044 0.946957827
49.450000 1.445633173 -0.182135671 3.757297754 0.021276509 -0.311438829 -0.076316044 0.946957827
49.450000 1.445633173 -0.182135671 3.757297754 0.021276509 -0.311438829 -0.076316044 0.946957827
49.450000 1.445633173 -0.182135671 3.757297754 0.021276509 -0.311438829 -0.076316044 0.946957827
49.450000 1.445633173 -0.182135671 3.757297754 0.021276509 -0.311438829 -0.076316044 0.946957827
49.450000 1.445633173 -0.182135671 3.757297754 0.021276509 -0.311438829 -0.076316044 0.946957827
49.450000 1.445633173 -0.182135671 3.757297754 0.021276509 -0.311438829 -0.076316044 0.946957827
49.450000 1.445633173 -0.182135671 3.757297754 0.021276509 -0.311438829 -0.076316044 0.946957827
49.450000 1.445633173 -0.182135671 3.757297754 0.021276509 -0.311438829 -0.076316044 0.946957827
49.450000 1.445633173 -0.182135671 3.757297754 0.021276509 -0.311438829 -0.076316044 0.946957827
49.450000 1.445633173 -0.182135671 3.757297754 0.021276509 -0.311438829 -0.076316044 0.946957827
49.450000 1.445633173 -0.182135671 3.757297754 0.021276509 -0.311438829 -0.076316044 0.946957827
49.450000 1.445633173 -0.182135671 3.757297754 0.021276509 -0.311438829 -0.076316044 0.946957827
49.450000 1.445633173 -0.182135671 3.757297754 0.021276509 -0.311438829 -0.076316044 0.946957827
49.450000 1.445633173 -0.182135671 3.757297754 0.021276509 -0.311438829 -0.076316044 0.946957827
49.450000 1.445633173 -0.182135671 3.757297754 0.021276509 -0.311438829 -0.076316044 0.946957827
